Accession	DIACortex1	DIACortex2	DIACortex3	DIANucleus1	DIANucleus2	DIANucleus3
Q5XTM9	9961535376	8336629421	6979257692	6673417420	7898422975	13500927684
Q0D276	3765754095	3293550140	3522645813	9246833861	9079029094	21842862325
E9QE97	11066223991	9542202518	8149891922	6779619992	7397140274	4820714460
A7E2K5	3169994130	2950729276	2462661961	2129789092	1909431723	2767584140
Q5XTN5	1724079265	2208166834	1123893482	2298412609	3023255646	5462614278
Q5XTN4	5440931576	4604448637	4414127491	2818403268	3061995780	3897187011
Q52JI4	9847385098	9946847452	6996937199	5085578179	5736701358	4922625917
Q45FX9	3210185922	3514569827	4610501819	2866170502	2905271700	3443713351
Q52JI3	3488980946	3519251766	2269374799	2047201200	3148391047	2337568688
Q52JI7	3289831160	2865961744	3379676163	3133977693	2962000997	3583345027
Q6DH14	16997451392	15267124175	11955767858	8941068470	10341877677	9674865789
Q6DGZ8	2593206274	2510993548	2054839209	1565812568	1779531983	2211353821
Q8UUZ6	11331424161	8789156958	8624824747	6392910626	6325573162	2528376104
Q5XTP1	8273019981	7959906651	4940350014	4212477513	4833922811	2927191318
Q4ZHG3	1787483183	1548452593	2038085640	2114329038	1739588886	4658004393
Q5XTN3	2866295248	3516721746	3303947982	1977488513	2378246280	4403521201
Q5XTN0	4477439171	4431182957	4474800629	2826819883	4090923145	1384217708
Q6DGJ1	3138483993	3491459831	2556288130	1876037620	2202611339	1468736417
Q5XTN7	985818115	1129641320	702579572	657716089	908425350	1526629146
Q9PUR2	4015324081	3432667915	3240481282	2377372065	2566235268	927803665
Q5XTN8	3288680583	3479973669	2374567104	2427471696	1848474157	2992414508
Q567D9	984560899	1113356548	1452472324	1368437314	992352019	1853236411
B5M4A7	1411667037	2078971479	1614625144	1091747166	1270828761	1486076271
Q5XTP2	539610840	230876099	763654028	622038946	582929546	1118794984
Q5XTN2	2433690903	2408101660	2085928709	1230827577	2028924823	681978125
A0A8M9Q8E3	3275290822	2447891690	1854051477	1697609856	1685131623	514914276
A8WG86	1087547879	977443994	1093852979	905651925	841901560	873448393
Q6DGY7	617859369	817849330	1028437143	1212038971	801984424	1735984692
Q6IQU2	2085723010	1889237358	929743777	935243952	1060485033	1085486250
A8WGA7	586059284	361494651	376192948	394549535	362994853	436960353
Q6DGY4	403944179	521708936	598937769	865014611	663881874	1676674058
E7F8M1	462037214	529575713	458341753	656801190	435882334	685298269
Q66I80	1084025083	1183512104	629310264	528266491	875355377	129213148
Q4ZJI3	287436199	464801226	1127142186	1741214251	2138041622	1846611116
Q6DEI6	214600677	329937238	937457324	1313707935	1751406238	859603456
A0A2R8QDV2	1467619685	847558624	837028374	659010658	669102783	137753201
F1RCB6	153719007	153107637	408391064	247706340	394795712	196302101
E9QIV8	372074724	271496099	329502295	261675552	226454571	209487023
A8KBB6	32512288	40448567	79516456	296924042	226994844	850066403
A0JMJ1	366414475	235928609	196161235	101441696	114292696	59542929
Q6DG30	177914356	164253020	94404636	96781122	117064589	129041264
Q5XJ63	157023370	234756872	396458926	353318212	144924342	194612848
A0A140LGD4	165044206	166551260	230824489	131109658	133031559	116538988
Q9YHX5	57186894	77643838	146788045	200599459	347551180	132108191
Q4VBU1	56168894	129160357	149520583	142694503	129753606	517205906
Q803A1	119801157	106196333	104858750	93003628	69721360	110265581
Q7ZVF9;Q7ZVI7	118721563	121957175	225408961	185808920	274116824	154858787
A0A286YA92	58410246	84647039	165638942	213678764	245079139	129515600
Q6DGY5	4387677	9456114	21777244	58854062	83873286	175263164
E9QH74	35922933	66117927	68219322	88859445	110153519	193125415
A0A8N7UVS8	38954085	66908245	113048344	148559159	186732562	95168603
Q45FX8	31592854	42719071	72124427	91600958	113076344	66959921
Q5BKW4	25755911	43165872	25820519	56451797	90685829	89293824
B8A516	33939383	26825330	23794843	22070242	18350137	7563677
Q5MJ86	134311510	98797038	89089341	60898106	58580701	73693766
Q7ZUG1	30112069	27062127	7679191	4653008	12611737	8020227
Q92005	79791989	78288145	78418297	43165393	65746890	22638385
Q4VBH6	55511064	74148231	35444011	35072963	37935331	22462839
Q7ZV29	43226461	51797625	34863920	18868717	25303689	19533772
F1QTD7	28271457	40462110	29635014	30760982	36832376	43627878
Q5XJ10	88787844	93595910	91774658	53571117	47921462	43191015
Q9DDU5	78401294	81591999	43509002	18353455	26634890	9655230
Q6NWI0	25696809	17524122	14368880	10273672	8482331	3919040
Q6DGI6	73938958	45724548	24574597	55028907	38535925	34906089
Q6PBS2	12909605	23293562	31901122	38448454	89500558	36900064
Q58EE9	14273283	19471199	23128132	32337811	57072612	20906588
A2AR68	16378500	21780975	15953275	11616966	16261746	11951617
Q6PBK9	19073416	21061403	6730654	3866336	5954604	965526
A0A8M9QMF3	54878578	36491514	15229879	24760251	30684179	2061824
A0A8M9PQF2	26019637	26728359	36907559	37377429	55888264	32083532
Q803M8	86312552	77353039	75106508	47187119	53764064	29204795
A0A2R8Q1X2	65709970	48879763	37855540	16344861	24523882	6994979
A0A286Y8V0	5608239	8581207	18215652	24970155	36085714	25634201
Q7ZVA4	59711124	45057402	35053166	27681089	27107584	17436330
A0A0R4IXS6	17661415	11288947	4960562	8392948	9133834	11030407
Q66I42	17280293	26065336	41626873	46296814	55613252	20403186
A0A0R4IGP6	62778367	44537081	45898932	20167686	24787410	11740601
A4VAK4	40056152	37860215	23417459	12188185	19340356	4246388
F1QXB0	16639284	14887972	27013518	26192830	46166144	21680477
X1WDH8	36203467	28423072	66740720	41655348	51417415	24210776
A0A8M9QBT7	3068764	7214016	17673725	19075393	25196527	15338710
Q7ZU99	24544919	22142666	16549072	17850392	17226799	30199782
A0A0R4IXC8	13565517	11979874	12883575	4076399	9535241	4084689
Q29RF4	21238514	21453300	41677935	39164571	44909518	22831913
Q7ZVA5	12662624	9467658	8942717	5746938	5631929	7620264
A0A8M1N7Z8	11874334	11355820	18208174	8127514	4926137	7580530
F1R4Z8	39204881	32286962	38641821	17286632	19009316	8514358
Q1LWH1	38139764	33607927	30477760	13081448	17477171	6488222
Q6P3J5	43872346	45785773	40576769	22152024	24833081	14200817
A0A8M2BLC4	35383509	23189182	23146328	10715614	12834591	6568557
Q9PVF8	18356484	17880455	34971964	35266905	50855345	29324538
A0A8M6Z1M4	14911832	14431032	41565534	16225612	21332907	7750606
Q7ZUI4	18660779	20258917	3729460	1950109	3992647	3378687
A0A8M6Z292	20132690	22027567	13940290	15777945	16887073	27902654
Q6PGX4	17445620	16114802	16380272	9612463	13819788	6535015
Q7ZVL9	8793791	7657033	4685334	5355810	8508674	9710791
Q6PBW7	34336160	23671798	19165929	12201969	14170226	5437964
E7F8S4	25258572	25118598	20867920	13146728	13371378	10716951
Q6TH32	27697754	21631582	20375252	10170351	18233901	7871653
A0A8M9PNP6	18045523	19881923	26306154	14099312	14848466	24092789
Q8JGS9	25899147	23861983	25328656	10611756	13581129	3074254
A0A8M2B959	19346147	19950656	17563728	12057352	14212201	18093079
Q6PC53	28009277	22121308	14863730	6121455	11880485	3213034
Q6Q420	21144641	22395386	16164918	9105700	14196420	4835508
Q7ZTI4	38571374	51994419	22349219	21295034	21373198	11194667
F1R9V3	23512109	18451336	16344554	9600248	15962455	6513401
Q6PBI5	28947016	25091090	23544588	10487401	12756143	5098004
A0A8M9QH30	16797959	16381466	17832390	13303866	20043021	19236815
O42248	23926354	21635851	16965002	11737712	10370909	5418968
Q803F6	27044252	24938583	20404781	10892763	12541386	6449320
E7EZ90	14626749	19684699	15680091	14969235	15220577	21927436
Q8JGR4	18809391	14929035	11005702	4588505	8763083	1678518
A0A286Y8V3	60185045	58893165	50280461	19467654	30031999	5178971
Q642H9	22679644	22140356	18669214	8557173	11944451	2255317
Q804G9	56868405	21987855	13769765	17292559	6745012	3682290
P79735	20981098	26738148	20123635	19032029	20531215	17322265
Q9PVK4	57222773	56894900	36133928	27150002	33084535	16041987
Q8JH70	36404969	32716343	24512491	12629916	15639493	6816209
Q6P6E7	21885248	17882350	21055046	12006213	13799276	2709458
Q6PFJ6	28237369	20745024	13849761	8125365	11924545	2950025
A0A2R8RU89	32420103	9602923	2587652	3829162	3960398	814274
Q66I24	34841337	26724957	27097005	12074534	12333233	5414541
Q7SZD3	12836843	13616857	13437371	9052112	12183053	7268692
Q7ZVD9	28468125	24372121	20359221	11067292	12910716	5842761
Q6PBY1	26519187	26471557	21222414	11334530	14248011	5867909
A0A8M3AS61	12107549	12496415	7736603	6960676	7232235	9453716
Q7ZUR9	27984681	11122409	17646527	9621264	7617942	5132281
A7E2I4	214605628	271625488	989296584	519516817	869802137	937246036
Q0ZBR7	4134345	7149068	5024001	4118909	10136497	4233427
Q804G7	13876655	14214239	13447938	8642864	11354931	7395482
Q24JV7	7837542	9074773	8511449	3641541	5845371	2497059
Q6DRN7	28756840	19783320	18323950	7166996	8432968	3999131
Q6PHG3	18628091	11972956	8902566	6188254	7050949	3812979
Q6PHI8	24115739	20868414	15740434	15661273	16751129	18383824
Q9PV90	37573059	37492815	36285766	26842421	26982800	24935006
Q7ZUG6	28146448	24444923	20148383	14106333	11355885	4426857
Q6PC80	14909706	12794304	10822340	4181641	6348246	1727465
Q6PC14	22780256	22726760	23137834	10029350	12963763	2076774
Q4KMH7	24782966	23352594	17466577	11624245	12689729	7492078
Q6IQI6	32888387	29678667	27155098	13746267	14839853	5521405
Q6P6Y0	10462628	10810178	9106052	8650589	10008009	8205147
Q5U369	23067307	18490140	18601761	10750814	11794516	5364534
Q45RH2	58880309	61186088	113236399	276440326	63152778	52804882
A0A8M2BJ13	17991096	21341668	22548312	11208779	18839585	6806586
A5PMZ3	19344259	15313562	22593730	9197161	10632026	6091163
F1QL34	4808816	5301289	8475172	3473552	5311814	13299168
Q7ZVB2	18486360	23319820	19927379	12084573	12822882	8897684
Q6AZA1	7244990	6907186	1569363	2815351	6214989	6363750
Q4V918	13106305	6165031	5185797	3815683	4055365	4575709
F1Q883	19980440	18056514	14635420	11400773	11060795	8283016
Q6PBW4	4360695	4011281	3716634	4411389	6834801	6730464
Q6DGJ6	18282031	16577780	10079082	7956462	9578716	8554046
Q6TLF6	18603502	13222692	15255742	10423995	10526011	2223620
A0A8M9QEJ1	2981466	5312463	7945297	10082320	20255440	4956997
B8JLJ3	22042921	17399763	12081788	12154734	13664184	6008842
Q6TEN1	15257318	13409593	18457613	15408203	18288781	11663414
Q5PRD0	28588355	24514442	15098000	14423963	16587525	7547084
A0A8M1P861	20384710	15527467	12321019	6044746	8803008	4798763
A0A2R8Q6S0	11394559	10909699	16282321	6806254	10805893	2224348
Q9PVF7	4247222	4346435	10695541	11806714	20590804	9357323
A0A8M9PT53	10023827	9226053	10252784	8427601	10969743	7025545
B8A4H6	9985381	13624869	10735986	6559623	8887265	11445973
Q6PE25	16232009	11870050	10878689	7592508	8440825	4265799
F1QEY8	14143023	11379352	10291738	4547783	6914735	1416527
Q6IMW6	19351924	20679510	18379292	7218673	9347567	2805042
Q6PBW3	16473046	13907507	13502254	5321429	8407001	1706074
A0A8M9PDC8	3423428	3451848	7322504	7361398	13418333	7479906
Q6TNR5	17004963	16335195	22757632	11046541	15507586	5738222
A8KB78	23468221	17275011	21479194	12163421	7455633	2554402
F1R166	12870978	11583490	13167101	9536541	7973500	3929803
Q6DGX8	13239325	12967555	8625960	8186286	7282037	8532709
Q8QFU2	11326365	10643137	8530798	4404003	5543439	7377910
Q642M9	7361543	6134162	5668856	4239169	5000432	7725018
Q5CZQ1	17175420	15072615	17785978	11804172	12815716	3921232
F1RC64	11462758	5943892	6756697	4714288	6142837	8806882
A0A8N7UTJ9	5359155	5347732	6402165	9152075	10172689	13293899
Q90XG0	6847137	5834389	5161569	4471525	4343208	6717817
Q66HV5	11741331	18694465	4455509	7981257	13920528	3290699
Q6TGV6	5965027	5554377	4799560	7345102	7414058	5846178
A0A8M3BDW6	4888933	4375720	7019690	7747369	12617518	5338608
A7E2K4	11392033	8250236	9239120	3883518	5550372	2859851
O57521	13553825	11233771	8407264	5130355	6498709	2319751
Q6DGY8	6061287	5898019	4305305	4827797	6557954	4821772
Q6NX98	19505633	15439884	17544325	7441556	12179742	5486917
A0A8M1NSE3	8816573	7581823	5316922	2959550	3679293	2680565
A0A0R4IPL1	4052829	3425329	1664132	1464132	1788707	2958003
A0A8M9P366	18060369	9709738	12360994	6084752	5767346	2404633
Q8AW82	10466396	10600284	7084885	2984497	5663773	1677324
Q6P0I2	12337669	9545924	7208595	7406651	8303278	8245078
Q6NZZ2	5587682	5062806	4578161	5225781	7597123	7064951
Q6Q417	12464084	10854074	11030877	5163646	4487604	2085301
Q503V9	6415539	7765374	7925530	10311172	8796262	20283357
A0A8M9PRN8	3648377	2357408	3839572	6653839	9840777	4396552
A0A8M9QBS9	2759139	4397342	8541952	8297367	12517533	5570600
Q6DI20	7742831	7782631	6344928	2040165	3100869	970712
Q7ZUW8	13561735	11438395	8286590	6217171	5200508	4617869
A0A8M3BA62	6826410	6758178	6275416	2097615	4638147	1615788
Q6NV35	6184567	6436461	4446610	1645550	3015105	1826406
Q6AXL2	4050425	5786403	6036450	5956177	4910979	7675127
Q6P696	4184859	6010199	4031367	1037986	3236116	427871
A0A0R4IMZ8	8418074	6149505	6394998	3979893	5237142	3516381
A9JTC8	4224245	3606354	5563559	6504756	9098808	3839620
A0A8M3B0U8	5445172	6078624	7976449	7284926	4756654	2303822
F1Q5Q3	8061666	7270945	7796425	2707692	5088735	1473140
Q5RG12	13654932	10492650	10006966	5286236	6303816	2851262
Q6PC29	5486348	3563465	4825225	4090243	5315165	1775264
Q2LEK1	4395422	3487473	3474625	2237913	2655223	773148
Q9W792	4526920	4978426	3099950	2208305	3189201	1454622
Q90Z10	17338823	17958341	12376126	5314475	6995609	1844194
O57332	5197666	6742001	5970255	3671046	4568168	1641270
A0A8M2BH47	12240309	10776372	10348284	4118650	7285041	2538738
Q7T2A5	7466642	7431099	5681035	5222748	5560449	4537019
A2BE49	4113168	2974435	5262758	2963102	1905707	1144325
Q7ZV49	1391963	2733996	1870011	3286354	2427178	5510183
A0A8M3B8A7	3494196	3087504	2376265	2251693	2339545	2975263
Q5XJ36	16903923	11986822	6783150	6435995	6010278	5521062
B3DG31	3788771	3240597	4550628	3582006	3865892	2164114
Q7ZTS4	7618064	2675902	6309935	4723587	4568952	3241266
Q9DGL6	3568004	3413624	6202958	3664696	4049033	2488721
Q7ZVX4	3518978	3677547	4246826	4904580	5488628	2881395
A0A8M3B9F9	5402807	4010053	4003251	3849145	4283628	4050522
Q7ZW72	8245044	4669437	5873400	2867440	2232098	1018524
Q6P2T5	2641726	3454703	3263799	2862439	3689409	4367288
A0A0R4IPV5	1853791	2238154	1467837	866014	1650439	804413
Q6P5M3	6289148	3470540	3004220	2009862	1943606	1048200
Q90275	1860600	2246830	7059574	5045752	7973650	3836558
F1QGW6	5396353	5429098	4415182	4180832	3932275	3821022
Q802V5	3479202	1521466	1605549	1615836	1484050	928139
Q803T5	3129426	2819773	1961277	2078176	2641245	4327023
A0A0R4IJT8	2648960	2914326	3094386	1369267	2840212	1786997
Q803Q7	10395222	14352608	18103760	5532820	5889421	2047458
A1L251	1009826	1614095	1673995	804527	2368916	3012280
F1QPF7	7662860	6515569	3602465	2085105	3513838	913133
Q803I7	3841844	4424907	1558811	1022285	2010073	737120
A0A286Y8E9	2536671	3961195	2672172	2180909	2352002	1659600
B3DI32	3595440	2408760	3263193	4248090	2875419	4437690
Q6DRI1	7605552	5116514	4768761	3131060	3852120	1202443
Q6PFQ2	4499598	3278417	2473947	1263202	1791457	825522
A0A8M2BF50	3485197	3728413	3412768	2521353	3020427	5304451
A0A2R8QQ99	2053908	2054701	3672176	5527752	7866082	3888286
Q0V973	1747379	1782612	1698520	1109550	1496338	977781
A0A8M2B208	1681126	2401899	2266857	2034745	3188639	3102932
Q7ZUQ0	5272428	5358797	6054540	5100701	6554671	3218743
Q6PCR7	3579653	3078560	2535790	1216733	1732927	297622
Q8JHI7	2509517	3731880	4127864	3458633	4065323	2993684
B0S6B9	1649491	1803831	1143297	665366	1742890	1007550
A0A8M1NXI0	1363090	2239181	3768321	2285615	3174277	3121424
Q6DG81	2954259	2353975	1980668	1178195	693957	832167
F1QGH7	1296796	1332928	2406447	2121441	3300667	2369641
Q5PZ43	1793763	2822909	4531770	2868118	4160858	2826180
A0A8M6Z2M1	1123232	1818851	542074	2229943	1944131	3903615
Q6ZM62	793932	983846	922015	993373	1191638	1638467
Q7ZYX4	2678485	2646922	4210575	2035886	2389016	1555806
A8WGC6	1446261	1585038	3125069	2135391	2328387	1836417
Q7ZWE5	3689925	2938638	1733755	1702936	2453592	3671316
Q7ZUP5	2340084	2544977	2381985	1541479	2517568	810392
A0A8M2BGI7	2683538	2112655	2222927	830570	1792060	501159
A0A8M2BAR0	1945702	1751462	1263260	707165	930781	853804
Q6NYU8	1393062	1878201	3496253	1076962	2311108	431871
A0A8M2BG11	526098	519434	674054	814634	1580839	706735
E7FCQ0	4238900	5807274	4476885	2369567	3350764	772066
Q561X9	979392	1101892	599486	428436	615378	656401
A0A0G2L4S8	15514075	13576717	13474242	10559767	8796669	9779211
