Accession	PASEFCortex1	PASEFCortex2	PASEFCortex13	PASEFNucleus1	PASEFNucleus2	PASEFNucleus3
Q5XTM9	64364645	56254136	62701852	79138291	70309645	99444571
Q0D276	37359408	41462253	35717503	90222021	73709734	133302015
E9QE97	53271710	56736655	51256887	56851524	48896771	48477278
A7E2K5	45119635	51298056	48937210	52795122	42222792	54203716
Q5XTN5	32427485	39441086	25215752	57213118	48148346	78453696
Q5XTN4	39797200	42942770	49363772	45509035	38716664	49271765
Q52JI4	45773518	42952865	38932980	51053442	43058963	39416652
Q45FX9	35036088	41489175	38605569	41474908	35628174	41223296
Q52JI3	32748933	36372901	33742845	39678291	38521289	35752239
Q52JI7	23534512	33829561	35135585	41359741	33919293	39014997
Q6DH14	35434297	35793965	30731529	33158198	26596196	30030553
Q6DGZ8	31950087	29579855	29187364	30966609	32541304	35630771
Q8UUZ6	34285739	42717349	31169789	32626002	24876177	21369444
Q5XTP1	28366043	35043251	28800425	33121905	31436403	26115782
Q4ZHG3	21046479	20946687	25968329	30972409	26458594	53350619
Q5XTN3	25140937	29891010	27548609	26144977	25141287	39303660
Q5XTN0	39534129	34267220	30926689	24097409	28347759	15539221
Q6DGJ1	27872477	24679347	27534826	21966218	20936846	16336618
Q5XTN7	17658548	20908151	19109977	22041822	18766298	28447859
Q9PUR2	24610213	24785703	23455390	20532090	20456131	11547746
Q5XTN8	18101556	18281424	17340333	21550650	19857397	21027519
Q567D9	14397074	16592920	18054231	20143808	14936958	25164516
B5M4A7	15969387	23875812	18636708	14984610	17475112	11704977
Q5XTP2	12549198	16488587	14776244	15678394	13944168	25209352
Q5XTN2	18226194	18075808	18841842	15784749	17840937	8660374
A0A8M9Q8E3	22742443	17786630	15449674	16634645	15591671	6446579
A8WG86	15774659	13522315	14895113	16483332	11887515	15563029
Q6DGY7	7628325	10470098	12626029	17793424	11291159	25056768
Q6IQU2	10898707	14258720	12351997	10993481	11167323	13257423
A8WGA7	12476848	10330437	10742762	12571582	10478974	11582526
Q6DGY4	4638113	7287731	7338212	14251913	9288765	24988081
E7F8M1	8598579	9870293	8980791	13817849	8699683	14572066
Q66I80	14504762	13818400	9485326	9428895	11170622	2208342
Q4ZJI3	1690925	3411024	5912023	12390650	15857363	18262693
Q6DEI6	1627924	2340173	5439793	10929443	10646108	12390185
A0A2R8QDV2	8462540	6438353	8115979	8772771	7964503	2513787
F1RCB6	3409961	3669452	6679557	5680854	8075327	4898886
E9QIV8	6192474	4719319	5304815	5873810	4905140	3819740
A8KBB6	722397	1265966	1555242	6540715	4027617	14145300
A0JMJ1	8419930	5553051	5350247	3837997	3173294	1836738
Q6DG30	5688444	5123806	3305546	3833981	3502109	3669705
Q5XJ63	3632258	4408467	2646608	2726276	3570745	3205336
A0A140LGD4	3658975	3170760	3571759	2719735	2547260	3800412
Q9YHX5	1241702	1452320	2612814	4276342	5874095	2915954
Q4VBU1	788254	1621701	2067024	2385902	1953192	7817828
Q803A1	3159468	3243207	2185048	2532921	2497090	2987517
Q7ZVF9;Q7ZVI7	1618478	1697548	3171140	3178847	4100095	2549454
A0A286YA92	1040617	1506721	2611106	4141017	4314544	2691424
A0A8N7TEM3	259835	420463	777508	3776516	1653366	6972157
Q4VBU2	163246	509167	519174	3813296	1911294	6573862
Q6DGY5	302619	525358	944197	3221781	3129090	4848578
E9QH74	954274	1405986	1321381	2165909	2182476	4286378
Q15I82	11698	34388	67747	9331995	1357931	1362838
Q7T2J4	3002712	2546468	1614351	1854812	1851217	1034875
A0A140LH64	1439821	1639048	1060131	1725444	1988503	2126334
A0A8N7UVS8	644822	853561	1514802	2324874	2666078	1590289
Q45FX8	575944	867442	1260664	1872788	1960725	1404581
Q5BKW4	329692	499110	774801	1904501	1782100	2248824
B8A516	1684752	1475823	1627453	908357	1061752	588063
Q6DH12	16327	42975	49069	5139060	763813	1039815
Q5MJ86	1510633	1426330	1038810	1030867	832373	1078059
Q7ZUG1	1311632	1482665	971720	975546	943296	767321
Q92005	1338318	1215068	1137420	898677	1047095	643269
Q4VBH6	1409544	1450925	760411	885194	827960	713309
Q7ZV29	1267307	1426565	947104	691790	738868	645570
Q6P5L3	1363469	1637226	801052	612352	761450	511355
F1QTD7	664345	914124	750887	914485	961288	1377424
Q5XJ10	1223992	1372766	625264	797981	788884	726865
Q9DDU5	1529606	1455999	916578	520355	599182	257934
Q6NWI0	1165834	1180142	1169441	597159	741360	410944
Q6P5M9	1245410	1216075	1021116	583093	706709	451726
Q6DGI6	1360640	870784	415340	1030786	680070	708319
Q6PBS2	311018	485812	671313	952199	1695845	775829
Q58EE9	338830	425879	616517	1077156	1701396	725273
A2AR68	977869	982250	653956	798206	734823	626769
Q6PBK9	1231623	1159415	775638	562056	660483	160810
A0A8M9QMF3	1393740	876001	479728	896360	723357	126028
A0A8M9PQF2	527922	532606	700338	832855	1060403	732692
Q803M8	1046161	964068	798205	618731	601029	348939
A0A2R8Q1X2	1207986	1144961	734502	424615	476162	251228
A0A286Y8V0	203066	259107	682431	1018434	1244533	800295
Q7ZVA4	1174805	821506	691283	663840	528450	326266
A0A0R4IXS6	1128768	636681	452871	668310	537155	755542
Q66I42	411041	512467	705901	936171	1059534	518876
A0A0R4IGP6	1131934	883512	857078	465446	434480	358915
A4VAK4	1116017	1074604	603167	504858	585585	189071
F1QXB0	442676	419074	666757	807919	1067656	658380
X1WDH8	536343	441214	1010280	727172	784758	428543
A7E2K7	26906	39905	49329	2648235	423980	674916
A0A8M9QBT7	212347	345862	636327	894396	879986	857536
Q9DGK4	797694	921611	761679	418971	570649	345071
Q7ZU99	777507	634858	514515	610990	462104	706998
A0A0R4IXC8	798638	789627	796997	454901	600730	264066
Q29RF4	477498	364471	576772	821918	845469	544412
Q7ZVA5	651300	825090	615807	586217	506600	417341
A0A8M1N7Z8	833226	759248	706306	383439	447315	256303
F1R4Z8	917380	770373	634410	418288	410889	229744
Q1LWH1	882776	779284	678483	403872	406985	216109
Q6P3J5	761883	712668	621580	495269	453029	322102
A0A8M2BLC4	856312	650543	640006	461108	421215	275317
Q9PVF8	280288	330636	532253	695938	905106	546820
A0A8M6Z1M4	408574	368160	1078116	442955	638451	215618
Q7ZUI4	604373	638954	479121	492598	429820	448882
Q7ZUP4	741817	694862	618733	392107	452776	185410
A0A8M6Z292	518237	460669	397273	497399	477321	666816
Q6PGX4	624644	586353	592888	445708	513482	245801
Q7ZVL9	486834	493581	381605	443747	435504	663879
Q6PBW7	754941	652889	557984	369072	363770	196800
E7F8S4	724502	693839	464100	329607	299217	383675
Q6TH32	619616	690612	605276	351329	470357	157700
A0A8M9PNP6	409570	466045	575266	432012	366341	629799
Q8JGS9	751548	652066	601608	353207	374561	129466
A0A8M2B959	466575	496420	439263	423453	421630	605247
Q6PC53	754236	508902	570875	323928	424871	223522
Q6Q420	715007	597192	529394	359011	367487	231304
Q6PBK3	695864	687817	460865	311798	356539	196489
Q7ZTI4	622202	655277	368092	414003	381084	262724
F1R9V3	573585	553090	440512	388206	479142	222211
Q6PBI5	695487	605481	529959	304691	341390	164008
A0A8M9QH30	424045	406639	414942	430403	443100	515991
O42248	628482	571980	486051	359470	310020	199053
Q6IQB1	633819	587251	551610	302277	289180	140604
Q803F6	659812	527637	483833	291197	313858	172341
E7EZ90	348516	447874	324833	408325	359178	539455
Q90Y50	103572	116043	450729	524666	777971	445737
Q8JGR4	622077	572984	532799	287096	296633	101011
A0A286Y8V3	663886	667065	441338	204120	307784	128228
Q642H9	606521	543010	522500	262567	316746	115612
Q804G9	1002796	395244	253827	448518	149314	100921
P79735	478152	446140	363345	368884	355795	323909
Q7ZVI6	280757	309878	707662	398567	507944	127144
Q9PVK4	583288	510571	316218	350073	308917	232001
Q8JH70	624984	513612	390871	279372	270589	159745
Q6P6E7	528359	517060	446756	287324	275702	167341
Q6PBI6	608243	392374	257029	424533	320467	218990
Q6PFJ6	643982	514483	383687	269973	270126	102051
A0A2R8RU89	984773	258996	147981	546794	185863	56149
Q66I24	606248	446370	407098	302811	255562	147924
Q7SZD3	329853	314541	416024	330544	387937	349391
Q7ZVD9	545600	471847	406904	279006	269815	149030
Q6PBY1	535262	479431	439878	263832	267594	119540
A0A8M3AS61	355947	386690	289679	368827	306917	394897
Q7ZUR9	608222	456736	402850	242167	253259	130259
A7E2I4	320222	277436	356741	536994	257330	317965
Q0ZBR7	383863	386518	282724	314289	309687	386699
Q804G7	478523	405658	310948	299225	274109	289392
Q24JV7	429986	430476	422370	316615	305230	151410
Q6DRN7	550145	489064	423792	214770	248134	113454
A0A0R4IHS7	88082	119670	311969	449693	661000	406738
A7MBX1	588482	455572	357061	255812	258828	119762
Q6PHG3	569991	477906	333393	216674	229822	170661
Q6PHI8	360357	368251	251194	311027	299139	372689
Q9PV90	447577	428394	328785	278391	282251	189355
Q7ZUG6	503397	448426	384261	238664	249932	125320
Q6PC80	480044	463563	391967	229401	247132	129560
Q6PC14	497107	457356	396891	237462	242451	86107
Q4KMH7	444233	445863	302802	263091	265676	191980
C0H5W1	304884	264845	202991	21797	22077	1050266
Q6IQI6	493579	426141	365957	227020	235961	109030
Q6P6Y0	408103	366503	294521	248594	248164	289029
Q5U369	471335	389739	352735	255073	221583	163052
Q6IQL4	408453	492121	245062	240990	251868	210632
Q7T1J9	454985	442053	359230	200997	230232	134302
Q45RH2	132176	183203	246625	243292	655377	359740
A0A8M2BJ13	367281	388583	410577	204203	307870	139075
A5PMZ3	376552	336405	437512	226268	244139	186346
F1QL34	227708	243507	318595	259643	227351	499344
Q6DGM0	453337	406968	371077	194182	217932	98040
Q7ZVB2	416543	379585	290282	241730	214505	190020
Q6AZA1	320797	289752	200505	260233	294076	355332
Q4V918	308589	272728	239467	309341	279500	284919
Q7ZV05	459279	384545	334198	176560	215470	107882
F1Q883	432352	351073	243491	233665	219386	189372
A0A8M1N743	299301	259127	224607	271644	302598	311200
Q6PBW4	220634	227870	256532	307953	317377	336731
Q32Q51	456112	346002	336957	219060	197002	98604
Q6DGJ6	354257	333285	268910	222657	235019	231887
Q6TLF6	428713	343701	336718	227980	216016	81240
A0A8M9QEJ1	144192	167397	269035	344275	495020	205761
B8JLJ3	349786	355768	267387	233421	236136	181558
Q6TEN1	233523	267600	235903	292343	257640	328166
Q5PRD0	402691	303510	252918	252880	247145	143801
Q5BJA1	374494	390721	323796	198815	196388	88212
A0A0G2L264	192228	206943	270006	273017	305225	322784
A0A8M1P861	378877	345944	287315	193796	208293	151763
A7YY10	364325	394468	403886	144780	187681	61118
A0A2R8Q6S0	317268	315152	326796	228426	232089	121750
A0A8M2B343	383466	443242	322592	140720	202827	48242
Q5BKW7	76265	103159	175506	404560	429057	329689
Q502C8	445377	311161	307742	186709	183505	80947
Q9PVF7	118681	136307	234567	306705	440587	277759
A0A8M9PT53	270773	242842	248705	251095	308855	190645
B8A4H6	291793	312443	212183	213801	180963	300566
Q6PE25	342088	310413	289208	202982	234581	127223
F1QEY8	396333	346645	325732	138546	197644	99824
Q6P3L0	493829	175928	248032	285622	119271	166475
Q6NYS4	306893	412399	276107	164231	262777	64485
Q6IMW6	423427	340317	304826	162453	179632	74850
Q63ZW0	299810	286224	262821	224402	226123	170526
Q503X7	87200	88705	178269	329668	243071	510854
Q6PBW3	351119	335290	284737	188941	199090	75138
A0A8M6YUC8	69720	94178	226394	310064	500600	227827
Q90473	331216	291064	239235	177939	238595	105249
Q6PC69	357120	347695	257782	165980	170970	76676
A0A8M1P644	80117	112368	259029	334150	318715	258436
A0A8M9PDC8	119260	120509	233773	266816	348421	273160
Q803D1	173250	179825	178755	235987	237723	345085
Q6TNR5	279271	257918	333399	159594	220879	91334
Q6NYE3	271333	326103	197967	198707	188856	147135
Q6JWU7	242961	241489	228983	194978	183347	234979
F1R166	294195	247468	245385	196347	198214	141208
Q6DGX8	264157	245931	192234	219413	211961	187422
Q8QFU2	283653	254695	191023	174705	176278	229074
Q1L907	344728	293307	268127	161920	154551	86029
Q6NXB5	187829	163952	241834	251708	314441	148885
Q1LUT0	230815	220591	133339	291348	206123	225282
Q6IQQ0	366924	322180	320044	104819	157242	35661
Q7ZVQ3	333046	300867	229399	157828	195852	88856
Q642M9	207431	241078	179913	225768	194802	240987
Q5CZQ1	263028	268630	214114	192971	192537	140729
F1RC64	257890	203814	246693	167323	158082	210855
A0A8N7UTJ9	135368	140687	137384	235377	250047	318492
Q641M4	218880	210818	182655	192524	186992	183789
Q6P0V6	308676	304911	328493	79396	125920	28223
Q7ZUQ1	89440	126827	185990	248248	312063	201424
Q7ZUG5	290192	255264	237669	152063	135871	91705
Q24JV3	259924	345721	270175	113860	131966	41094
B0UYP0	60488	133921	57553	313118	205779	386843
Q90XG0	229053	186296	154166	184254	177461	226194
Q7ZV96	317335	301105	277729	91002	139234	30303
Q66HV5	207636	337268	118574	155314	253866	70028
Q6TGV6	220622	202120	158554	191002	175519	167465
Q6DHL6	301484	287296	221856	108308	111042	72424
A0A8M3BDW6	134657	115071	174717	222410	279347	165189
A7E2K4	226649	260770	164003	139556	184863	105916
P62084	265420	265261	210931	128385	127347	80502
E9QJF8	233248	192045	276980	142512	144827	85478
O57521	267033	220117	188430	134585	152918	111071
Q6DGY8	196357	199120	155022	188458	172867	160610
Q6PC90	243207	259841	213715	137399	143476	71687
Q6NX98	254187	224958	214516	140530	158087	75493
A0A8M1NSE3	239386	220975	188004	143810	129042	142626
A0A8M2BC02	74511	87054	190357	193409	325854	178867
Q7ZV82	255064	264718	170457	143465	147717	68053
Q6PBZ2	272529	268818	267326	90622	107134	38961
Q8JIU7	258389	226753	222846	134996	142932	51930
A0A0R4IPL1	212310	179024	117592	161341	147564	219036
A0A8M9P366	319068	219427	202739	123555	108605	62176
Q8AW82	219487	270230	198586	124617	150183	66119
Q6P0I2	208053	177327	132743	188431	159689	162519
Q6PH57	78770	94233	146134	253227	282361	171295
Q6NZZ2	158383	149232	153313	170366	178231	192631
P62247	239650	272857	306625	47792	110846	21710
Q6P102	225653	259485	154187	125085	148656	86082
Q1LYC9	237944	175900	214117	123190	138344	102591
A0A8M9PV37	45148	65279	182922	264155	287680	138471
Q7ZV77	192249	171399	144113	168872	152358	152012
Q6PI52	169933	233000	156404	136717	152117	121895
Q6PBJ8	211501	197244	203745	147725	159656	44817
Q6Q417	289231	203687	196859	132257	79411	57341
Q503V9	83795	107564	106074	165783	135273	356392
B0UYN4	227063	245789	205436	108316	120752	43134
Q7ZUW5	145104	119390	137497	163163	164546	218051
A0A8M9PRN8	96995	92935	142346	191297	281058	141955
Q803J3	144111	137537	135114	170896	160421	196803
A0A8M9QBS9	80667	104428	171466	205781	256959	122480
Q6DI20	205773	188577	162179	124259	115019	133102
B3DFU8	188147	181925	131020	159287	153934	73986
Q5PR67	219010	191813	168055	110176	122857	72312
Q7ZUW8	227564	204035	142966	109622	108434	79894
A7MCL7	194880	217741	166171	106667	131687	48205
A2CF49	198023	200960	172215	111758	113677	68106
Q8JHI0	113009	107703	181897	153718	191988	114790
A0A8M3BA62	186864	197185	158764	104048	146727	66778
Q7SXA1	238783	203604	215962	71206	101643	26526
Q504C0	237187	219775	137849	108787	122875	30084
Q6DRD5	147182	154775	121129	141733	138777	141246
Q6NV35	198462	199577	165394	81869	102243	85188
Q6AXL2	130400	127574	104676	147351	116770	205571
Q6P696	189681	210461	164748	86242	128819	50288
Q6P2M0	231818	227432	195075	44190	102323	25836
A0A0R4IMZ8	181490	157885	146657	134231	123679	81499
A9JTC8	67500	84064	124244	189500	235289	123777
Q7ZV56	143906	152766	199541	118446	120067	85408
A0A8M3B0U8	132923	140511	120451	139429	121197	162134
Q5U3E1	128961	127181	121227	142913	137879	158436
Q6TH20	185865	166200	151458	109987	118842	82826
F1Q5Q3	182291	187453	155697	106460	114434	66583
Q5RG12	196452	175025	145836	110476	112450	55845
A0A8M6Z1P2	173160	172771	165495	103673	129363	48050
A0A8M9QFN5	35558	188379	111464	84950	228000	138117
F1QFV6	239506	182204	170915	77015	77860	31548
O73872	171254	190595	99508	106297	131304	70291
A0A8M2BHA7	12642	14164	35215	8538	8549	689052
Q7T1K0	215985	165220	157636	85038	106167	35654
A0A8M2B975	210756	159968	146047	94078	102692	46965
A0A8M9P2V3	75891	81001	135578	140103	197649	129369
Q4V9I6	76500	88592	119229	155960	177762	140167
Q7ZWJ7	205882	204927	184133	57544	74905	24373
F1RA98;Q6PC01	193681	214362	171835	72146	80349	18483
Q6PC29	221104	125929	140649	98294	92728	62426
Q2LEK1	168070	150193	128873	108802	115654	69358
F1RA91	150502	180552	112700	104802	113644	78020
Q9W792	143372	149610	123843	103445	127351	91425
Q566W6	199009	146301	136542	92520	104074	60510
Q90Z10	238632	188950	150765	59635	65547	32583
Q1LX72	39459	59400	143501	144109	207374	141687
O57332	176924	171621	114993	86177	104441	60917
A0A8M2BH47	161655	151938	119003	107750	112388	59135
F1RD97	58634	57116	93995	162171	152246	187505
Q7T2A5	150016	140813	118576	108845	88680	103023
Q503J6	25057	34114	98587	171455	184914	191954
B8A6G0	195017	145660	147474	84419	82462	48316
B8JLC8	128675	121335	102278	112673	107684	130464
A2BE49	185915	116895	172852	92356	72653	61630
Q7ZUN6	156566	150443	92831	108167	104659	77945
Q7ZV49	121122	108779	84281	104633	109979	160421
Q6TH15	164552	149896	138549	85864	95809	53590
Q7T356	179204	142361	144773	80197	91639	42997
A0A8M3B8A7	139477	134778	112275	103640	95657	88369
A0A8M9QDP5;Q5BL99	129561	94502	114942	136308	101019	97020
Q7T3G2	149795	137850	115830	97826	97602	73320
Q5XJ36	158572	132214	92764	75732	79865	131228
B3DG31	112184	100250	77127	135464	124523	120628
Q6PC58;Q7SXH5	155941	155676	111053	91354	101997	50916
Q7ZTS4	160812	84149	114856	123538	101747	79534
Q9DGL6	97255	89188	133045	118062	133492	90832
Q7ZVX4	112998	102001	97934	119295	112273	116274
A0A8M3B9F9	122225	116862	93768	99042	90958	136910
Q504A5	158173	143560	149738	87404	90927	27460
Q7ZW72	149898	117515	142440	96467	84267	59764
Q0D282	57495	80594	131935	116162	150765	110862
Q6Q419	188464	157807	110517	62076	80655	41132
B3DI21	148342	129223	107020	115183	102578	36311
Q32PL1	154635	139938	117250	84797	94301	47053
A0A8M1NXK7	162499	121432	122491	80488	89765	61094
Q7ZU67	123270	116192	94539	110999	97641	89340
Q5U3U1	140876	135443	105482	101054	112166	35409
Q6NXA9	131925	125455	81784	121919	133837	31795
Q1MT86	138091	149155	127953	84685	87804	38203
Q9I9N0	131109	91731	97024	114188	136783	54826
F1QIB3	116010	109504	104084	113621	121411	56195
F1QWU4	147425	111576	100954	115010	80176	65167
Q6IQD0	155891	137463	98369	89922	80319	57912
Q568V3	171951	140434	106076	88603	75488	36626
Q29RC5	32520	35637	92025	157870	149214	151521
Q6P2T5	86830	87979	88396	113539	112222	126999
Q6PC44	134729	120217	119476	101517	97601	34417
A0A0R4IPV5	112246	128332	116766	81892	108767	59584
B0BLX4	164677	133762	82128	76774	82500	64340
Q6P5M3	159173	139688	114463	78916	67192	44475
F1QWX4	179314	115302	93229	97657	85422	32395
A8E7N8	134091	104906	90684	99952	93622	78968
A8KBY8	150760	113206	45742	96734	89628	104342
Q6NWC3	152321	143409	128875	71865	64474	35099
Q7ZW95	169270	129303	124911	60540	62407	49457
Q90275	43274	51292	89610	139044	169805	100258
Q6NUZ3	118582	100757	130621	80210	99262	63199
Q9PVK5	143138	110658	134634	89131	68014	44698
Q8AW07	138679	116702	108872	81694	83469	59706
F1QGW6	110647	106028	101208	102003	88058	80471
Q6NWE0	90401	107698	113967	80334	71764	124152
Q6NWF6	123961	70493	105367	103387	102480	76309
F1Q8K1	38086	52394	120779	109041	148839	110350
Q6NYH5	82359	70260	128411	104685	117921	73944
Q6NX89	132424	115795	108720	84593	97105	38913
Q567V6	104229	103794	76141	112968	86254	91673
A0A8M9PZH4	146135	131306	86824	82579	74384	53014
Q6PFT1	78486	77562	183366	48316	46889	139041
Q802V5	132094	107388	100081	83174	81322	68915
Q6PHK7	125154	112948	111426	88834	76972	57148
Q7ZWJ4	142797	128245	98924	54984	49839	96976
Q803T5	97040	87344	68498	91869	82761	143018
Q7T3F3	123486	129509	115507	74957	85152	40731
Q567N5	157507	131993	96779	61655	75516	45260
A0A0R4IJT8	116483	112638	105022	83696	82399	61413
Q803Q7	129386	114831	137010	61886	65944	52275
A1L251	56230	104326	97765	43861	102445	155939
Q803G3	107709	107655	96168	86339	96320	59665
Q6DH80	87025	77882	60329	93003	93987	140527
A0A0R4ILD9	127093	109801	85220	94485	70663	61058
A0A8M2B5Z3	21126	20874	123974	114555	126829	140346
Q6DGV5	80322	81642	75429	110566	101302	95211
Q1MT41	169462	126965	126261	48582	52013	19626
Q6PUQ3	83852	85578	72123	92960	98321	107742
A0A8M2BJ50	125474	116878	103300	74591	69111	50833
Q7ZW20	82300	128115	77450	82327	95190	73406
F1QPF7	127058	123021	90553	76164	79920	36067
Q568L9	142646	131819	91164	60567	53853	50273
Q6P5M5;Q7ZUW4	81331	90578	75018	76500	111028	92545
Q66HX8	128949	113941	119720	62734	66051	29367
Q6PEH5	119179	107381	99427	65172	86326	36079
A0A8M1PZ20	19672	36658	80963	116736	172972	80830
Q803I7	126113	126453	74887	48143	76919	54135
A0A286Y8E9	108780	103508	90004	65146	65249	72692
Q6DRF3	115372	113487	86907	71239	73677	41557
Q7ZSZ0	82011	94527	80010	86691	83351	71618
A9JRY8	30598	44146	71570	106401	123149	121742
Q802C9	101457	99984	90146	82135	79138	43043
Q6PHE8	95789	116853	86849	71586	80556	41639
B3DI32	61649	59551	83836	84297	83704	117162
Q6DGL9	110731	104248	78556	74266	75467	46646
A0A8M9PKI9	81127	99956	68502	89820	72189	78188
Q7ZVA6	104340	96620	87460	79718	68613	52447
Q6DRI1	110610	93513	96217	71134	67482	49860
Q6PBZ1	123715	128220	114548	46150	46184	28226
Q568W0	102474	99430	67884	76197	85824	51959
Q7T303	95398	83418	71720	83137	113655	36363
A0A8M3AVD9	30535	46784	77575	100906	147028	79054
F1QZ50	73167	54299	79572	102327	96311	75080
Q90ZL2	86653	110352	101098	64508	67669	49523
Q7ZUJ8	106799	102262	78844	69883	71667	50093
A0A2R8Q5P5	47171	43370	83763	98249	118609	82518
Q6PFQ2	111306	101406	92695	64016	63170	40778
A0A8M9Q0D6	79256	101726	98248	60393	83263	47881
A0A8M2BF50	90877	94787	71422	71663	69392	70012
A0A8M2BLG1	88161	90609	71466	73699	63652	76432
A0A2R8QQ99	43648	50046	67783	92830	123974	85603
Q6PHD8	124862	111039	85475	57022	51277	33927
A0A8M2B9C5	116832	104900	91074	42551	55303	52117
Q4G5W2	53505	65303	60380	89517	132557	58044
Q7ZVB4	29895	34963	75812	106584	101099	110927
F1QBM2	111782	102243	88751	60640	63136	31665
Q6DHM9	47789	50597	87169	87839	101971	76735
Q0V973	86160	84976	84701	66641	63526	65658
Q6PH46	100691	92456	74263	68398	62402	53104
Q6NWY2	106122	90806	91022	58781	66499	34293
Q7SY46	103824	90019	83384	62455	62628	44321
Q05AL9;Q1RLR3	60723	49277	84600	69857	111684	65048
Q6PBW6	82502	87802	78026	66183	73770	52753
A0AUR8	108860	93173	87910	59164	46742	44849
Q6NUW4	96233	92079	90694	54485	71252	34274
A0A8M9PNQ3	44542	51362	68203	84760	122083	67699
A0A8M1PFD0	89583	98120	68408	67327	84957	27455
A0A8M1P258	96776	97264	81165	65436	56413	34974
F1QRP8	77554	76521	58405	66283	60829	92138
A0A8M1RIF4	15934	28215	59993	84319	136262	106214
Q7ZU42	101114	79596	96711	55043	65507	32958
Q4VBR7	86406	79105	82579	46971	69879	65150
Q568N9	104962	111151	73951	46801	54432	38687
Q6DC20	64445	57300	58364	74747	72597	100956
Q6NYV1	94541	79722	71168	68598	61816	49635
A0A8M2B208	50625	62298	80089	57550	58321	115302
Q6PBW8	84848	81906	65566	54068	59506	76427
F6NTA0	81972	88110	85841	57513	58131	47152
Q6DBT3	94505	119048	71946	50208	67642	13746
E7FDW8	59100	80648	69708	62303	101652	41857
X1WET9	88193	83207	80609	56551	60523	36383
Q56A35	60584	71454	65267	62271	76227	66132
Q6PFM1	26315	27724	44730	111906	113375	76622
Q9I9E9	74702	77791	71257	65555	63306	46431
Q7ZUQ0	64315	58567	68872	65271	78775	59906
A7MBU9	77377	108030	83714	44657	55044	26648
Q6NWK3	91739	84447	66651	55773	64012	32798
Q6PCR7	95475	82066	84070	50448	54236	27925
Q642J0	87414	89837	86193	42509	50654	37574
B0R1D0	96561	80362	73744	55585	50060	35932
Q6DGL1	67462	70072	53896	63034	64497	73028
E7FEH9	89674	99301	60621	66740	54248	21352
Q6DHS3	121464	79430	74613	39326	31916	39966
Q6AZC1	97657	78627	78805	53176	46416	31517
Q4V9F4	76996	76848	96180	48472	50996	36680
A0A8M2B2U8	20757	31894	57835	93172	126960	54888
A0A8M2BAF4	94185	73241	59898	50823	68008	37752
E7FET0	131791	96461	82577	27021	22824	22979
Q803E5	82229	79258	80357	46371	59472	35547
Q8JHI7	69388	73568	60467	69016	57087	51438
A0A8M9PQG8	36791	34728	63237	73164	104319	67876
Q6PHK6	98165	83226	67303	48238	49797	32662
Q7ZU69	90982	78974	68030	54430	51376	33397
A0A8M9Q9J2	88646	74931	75985	58601	49994	28014
B0S6B9	67060	76908	46216	58836	58757	66301
Q7SXW7	89110	87161	68631	47403	43349	38079
E7F079	44555	49978	52105	66901	84372	74086
Q1LUM9	75078	72672	68244	58829	64222	32666
F1R4I7	94069	78474	70779	49135	53457	23711
Q1LWJ1	67013	65786	76628	47047	52945	59729
A0A8M1NEM1	113738	46798	70801	76477	25762	33068
A0A8M1NXI0	57094	60104	61280	62392	85986	38323
F1R0C0	90275	86780	61691	34320	49870	41875
Q6DG81	86619	70407	66455	46011	46789	46638
F1QGH7	44721	39795	56189	79142	86095	56429
E7F0E2	82003	66053	47629	53533	51598	60882
F1R665	33864	36808	55414	65208	107812	61636
Q7ZU46	86611	78348	65240	47047	57065	24919
Q567K2	88130	73783	64582	50556	40609	40067
Q642M8	72071	64663	64058	56386	48257	51978
Q803V2	65542	64192	47669	55513	52762	70510
Q7ZVI8	69212	73924	65911	56298	62660	27873
A0A8M3BB23	29301	35021	63241	67534	99876	57463
Q7ZUZ2	75404	70517	69373	49966	51501	35341
Q68FN4	84248	78872	68113	49337	45079	24765
Q7ZVY5	34483	41504	42866	68864	62300	98980
Q6DRC0	76170	73281	72318	55738	46379	22708
Q6PC06	92111	74865	63763	39275	44828	31438
Q6PFT6	17586	21562	49182	90777	70038	93639
Q7ZWA9	76936	78252	56409	47852	66342	16023
Q6DHI9	78336	62015	56465	55879	48327	40143
Q5PZ43	26568	46510	59270	52509	100538	55467
Q9W767	117729	83480	60367	23975	29058	25515
Q803V8	62469	62280	56924	48383	58383	51200
Q6PBX2	47580	51919	50349	58762	63041	66416
Q6ZM50	77010	63396	57416	51649	55889	28784
A2A121	41622	53974	71483	49625	70557	43681
A0A8M6Z2M1	35950	40382	31883	59118	54552	107560
A0A8M9Q466	19646	31226	57327	79367	72140	68732
A7YT77	64308	76985	64184	47613	46480	28388
A3KQX1	85860	77692	66692	37355	39908	20270
A8KBX3	49001	78468	68618	38819	60425	32289
Q7T334	38349	54155	72276	49038	70704	41500
A0A8M9PQK9	77583	64428	54287	51721	54793	23057
Q6ZM62	44782	48830	43162	64653	52631	71481
Q7SXJ5	56191	57450	41514	48653	40684	80937
Q7ZYX4	61818	65293	58362	48790	52134	38620
B3DFN3	27949	39051	67289	60632	72318	57076
A3KPA0	17933	25425	67465	76516	84626	51950
Q66I14	65940	65133	52322	52704	52306	34134
Q6IQ66	74786	66697	45723	51324	42476	41452
Q92047	79700	61177	56409	53134	49384	22586
Q8AWD0	40261	38444	60415	55974	70533	56536
B7ZC77	27454	36829	48197	64163	99612	42731
Q6Q418	86837	67089	69431	34634	28338	30325
A8WGC6	35538	39365	60425	59030	70398	49114
A0A8M2BA79	16840	90643	91361	15645	57468	41665
E7F8T6	80112	83980	50211	34685	41262	20842
Q7ZWE5	72742	73449	48117	39229	32337	44737
A0A8M3B8D0	44491	44591	47331	54963	59187	58537
Q7T3B1	73964	65459	62911	40929	38607	27074
Q7ZV07	67851	51683	56324	42824	60152	29971
Q5SPD7	66327	41154	56617	47605	30611	65730
Q7ZUP5	56161	58319	55536	46645	56017	35309
Q08BA1	34380	39015	59825	58252	71045	44100
Q6PC73	58990	57699	49321	45760	53806	40992
Q6TH14	69111	70006	64490	39365	35714	26873
A0A8M2B865	47921	45763	50763	56792	69482	34664
A0A8M3B2G3	20086	25079	41060	44666	50734	119754
Q7ZUV5	46406	54448	43195	47321	50853	58201
Q91398	43941	63120	44822	56725	37034	54662
Q804G3	56585	57082	61980	47879	52610	23580
Q6IQ72;Q7ZWD1	72996	61222	60774	42098	38783	23439
A3KNN5	71505	59026	58146	41260	39215	27352
Q802Z3	62827	53723	51284	45124	42663	39273
Q5RKP9	20176	25941	47381	67255	75214	57946
A0A0R4ILA8	71310	60736	56781	41126	38905	23862
Q6P0G5	44902	51443	33908	55967	38885	64669
F1R2Z9	101317	57164	44491	12553	8506	65603
Q6DBR3	70255	66058	55349	34222	42063	19667
Q9DDG2	128332	71432	51066	12795	6827	17027
Q6Q415	79724	79752	65577	19395	34746	7468
Q5U3H4	51267	48655	49178	35331	40813	60745
Q0P3Z2	50418	57410	42384	38748	45694	50612
Q6NWH2	27053	55307	42748	41377	82805	35944
Q1JPX3	66088	65644	54222	38946	40238	19860
Q08C47	60881	60655	61199	37007	40277	24903
Q6TGU0	70024	52273	61263	36109	35323	29478
Q5BLH5	86892	63129	53220	30957	30476	19596
Q6NZS4	44672	56471	53248	52566	49187	27495
A0A8M2B1V9	67510	52229	49632	42211	42789	27107
Q803S3	56245	52206	47857	43994	38661	41759
B7ZVE8	71087	51243	45603	46028	32767	29362
Q5U3A3	20523	31909	33892	55741	64098	69680
E7F2W1	17517	23179	52785	52821	75249	53093
Q9IBD0	46053	47670	57145	44154	48060	31403
Q7ZV55	63821	62175	64015	28570	37556	16008
A0A8M3AUZ9	63868	66531	64200	24995	33164	18944
A0A8M2BGI7	50825	56377	57805	37922	47992	20637
A0A8N7TDX3	62176	57554	52705	37774	36142	24142
Q6P0D3	37122	38718	45729	44004	54778	49282
Q568M0	33236	38208	39776	47049	52523	58587
Q6YBS2	65627	55083	53177	35596	39352	20312
E7EXT3	51401	49121	59904	37120	37723	33153
Q0D284	9097	18940	39699	40611	62704	95907
Q6NWC1	29161	38754	57459	37208	60964	42621
Q6NW56	50058	46589	56118	42356	42910	26982
Q6DGP6	56561	55787	55413	30973	37237	28843
A0A8M2BJD0	72159	52779	58589	31393	29278	19796
Q7SZC2	61653	52690	47636	38565	34289	28148
F1QIP3	56938	61856	43673	30026	45916	23813
Q66IB5	54657	57998	53253	31856	34258	29910
A0A8M3AUB3	53892	45240	47846	42746	43251	27934
Q7SXU3	32858	36102	46012	47662	54740	42849
A0A8M6YZQ9	67312	49108	44272	41338	37495	20256
Q7ZTU4	71692	51387	45564	29206	35411	25579
Q6NVA6	63075	55921	47123	36105	33672	21516
F1R293	46562	44991	33211	41715	38283	51626
A4FVK4	42952	43335	40388	40588	47202	41733
Q1JPZ8	45484	45230	45716	39891	48382	30783
Q5RKM6	58061	50888	45106	37017	34452	29207
Q6DC18	63175	61794	46742	34887	37298	10408
Q6DGL0	33080	63589	29350	41986	31172	54263
Q1JPZ2	56196	61368	36692	33579	34678	30652
Q32PT4	18707	23458	49109	49779	67930	44074
A0A2R8QP51	47654	56133	39419	33266	31701	44162
Q8JHG7	47758	44284	45836	41394	40932	32012
F1QB54	50793	49152	51115	33925	40733	26385
A0A8M3AWS2	49938	46649	40778	36872	40254	37552
Q6IQH4	62726	48326	48211	34915	33473	24299
F1QU35	69301	55268	38355	37475	32742	18587
Q7T2A8	59670	45557	49420	30228	34492	31423
A0A8M2BDC5	54940	49454	36864	41183	43715	24328
Q6NWK2;Q7ZW98	36426	30910	29632	52972	49300	51159
A0A8M1QHW9	51617	48175	41938	39554	35620	32956
Q7T3B0	48861	51158	46583	38749	33430	29691
B0S6R1	34851	31403	37820	41603	55122	47318
Q7ZYX7	51374	44970	47334	39063	39848	25493
A4IG42	48635	51961	43152	39636	40352	24208
Q7ZU18	49370	48300	24442	36978	42753	44153
Q6DHK1	41817	48523	44204	36089	38352	35965
Q5RKM3	54217	49592	48325	34401	37081	18624
Q6NVI6	47771	46503	44353	38122	36597	28781
A0A8M2BIA6	49783	43374	44905	35555	38927	29260
Q7ZUI0	51463	46254	54518	43836	32125	12847
A0A8N7T8M6	42274	39265	35406	37195	50593	36147
Q7T3D3	17710	26406	31657	59510	70026	34813
Q7ZVP2	38842	25267	28668	60113	52811	33338
Q8JFT7	45914	52453	38480	35314	36388	29003
A5PLK2	47583	34846	33035	43679	39890	37878
E7F5V3	62162	51716	34182	39938	33333	14793
B0UXR9;Q6PH56	31740	43181	47715	39437	53243	19483
Q6P963	51114	40928	58195	33622	31982	18912
Q08CD8	32224	34269	32245	42039	38015	55653
Q803Q1	50542	55815	48840	30594	35094	13513
Q7T3H1	57277	46982	46374	28591	35028	19848
Q68EK8	48100	44846	43501	32460	33613	31428
Q561T4	52641	47418	41776	35580	34892	21085
A0A8M2BID5	25115	28979	37345	48178	54187	37199
F1RDT4	50628	48007	35903	37354	32313	25746
Q6PBW9	52880	49678	39728	32664	34010	20880
A0A8M2BAR0	58302	45571	37024	28673	28874	30665
A5A5E1	32565	32077	41435	37953	47687	36927
Q6NYU8	40380	38852	45869	34595	37757	30642
A0A8M1QUS6	57677	51318	41028	24708	32573	20487
A0A8M3B706	41341	42728	38305	35376	37910	30442
Q803R9	36769	40308	35870	34013	35005	43118
F1QNJ3	43268	45732	45960	31547	37428	20305
F6P3G4	54223	32032	47578	32814	39628	17838
Q4V8Z1	51901	35787	44223	32933	33694	25518
Q5TZ05	48526	51158	47347	21258	35240	19671
A9C3P0	26640	30913	41790	39353	45922	38242
Q5RG82	55913	42498	35151	28435	45483	15186
A0A8M2B6B1;Q803N7	41986	41876	36885	40208	33239	28353
Q803B3	49729	46199	42096	32063	34935	16997
Q76LC6	40120	43750	41042	37875	38819	19661
Q6YLH9	10362	17593	34850	48415	50890	58636
Q6NXA4	45131	41706	47609	31264	28904	26048
Q8QHA6	47848	42216	36683	35032	32500	25637
F1QK93	46848	41403	46998	32952	31024	20621
Q6QA33	39530	37013	34294	39477	35922	32119
A0A8M2BJ79	45135	45561	42690	32584	32484	19545
Q6GML2	40364	38695	25901	36061	31568	44982
Q503S9	45941	36132	36119	33293	25270	40712
Q08C49	42794	44346	41913	31593	35506	20342
F6P1A9	50931	47416	39932	33421	27206	16724
Q7ZV68	37033	35364	33947	39283	36473	32405
Q6IQI7	23571	28056	26932	41891	33276	60305
Q1RLT1	45758	46835	34573	27631	28498	30718
Q7T3G5	40680	43249	42926	29557	39469	17268
A0A8M2B9D0	32422	37377	38875	36062	38275	29900
B0UXY9	39067	40723	37660	29228	33293	32940
Q1LUA8	54439	39561	41535	28779	26819	20946
Q8JFV8	16662	32113	26943	30390	58152	47803
Q642H5	49109	46152	38691	26408	32969	18610
A5PN39	51948	40605	31651	35745	27043	24415
B8JHR9	46102	37808	32968	33237	34714	25064
Q6DRD2	47801	39574	43935	30566	25173	22069
Q7ZUD3	59491	47449	36755	29672	26262	9414
Q0VFW0	57474	57032	31106	21022	30076	12060
A0A140LG01	43290	42062	48853	26256	27059	20779
A5PN55	22727	28291	24513	36196	37747	58743
Q568L5	52600	42874	44080	25413	26972	15691
F6NVK8	36339	34279	31128	37607	33846	34387
Q4V916	41560	38746	26138	30017	31514	39125
A0A8M2BG11	20944	20063	33254	37149	55402	39711
Q5SPJ8	33281	36411	30023	36977	30588	38987
Q32PS7	53540	47717	37583	24957	30185	12182
A0A0R4ID68	46686	40846	43446	26210	24840	24045
Q8UVG7	31041	30932	34650	37390	39029	33000
A3KP44	41872	34974	28635	32948	33640	33944
Q6P980	33315	35957	32317	32615	34022	37213
A0A8M3AP57	30838	34840	41259	29593	33326	35099
A0A8M1PV69	4723	8090	39320	39393	66344	46613
Q5U373	42306	45410	33135	28414	37742	17296
A8KC60	27411	28416	21088	36054	29761	61098
A0A8M3AR97	12095	15281	37931	42470	60608	35246
Q4G000	41740	42994	35781	28687	38493	15508
A5PLC4	10539	17739	21253	36265	27582	89341
Q68EK7	30033	28210	25568	32487	36631	49695
A0A8M2B3J4	38262	40543	41824	27777	32937	21140
A5PLJ7	46421	44206	37610	27481	31120	15137
A9JSW0	35038	33114	43677	25557	44909	18634
Q3B7H1	31440	35405	24847	37916	30623	40559
A0A8M3AU51	28995	28289	33962	29620	47826	31746
Q6DRC4	47388	41738	40060	24104	29507	16550
E7FCQ0	40316	52172	40531	27323	30070	8626
Q6DHC1	37291	33234	29411	30779	36538	30775
Q7ZVF4	46562	42606	37690	27493	27510	14359
A0A8M2B338	44055	40334	40281	22798	28256	19317
Q6DHD5	48211	40571	38571	30464	24976	12165
Q6NY78	41710	44112	41656	26433	26423	14172
E7F5W0	22062	21697	34290	36859	38633	38211
A0A8M9PHT6	35430	31512	31545	33362	41216	18673
Q568S6	56956	18668	59032	32095	10459	14418
Q503D8	37684	36592	25797	29251	39633	22523
A2CEJ3	24574	27561	30525	34021	43383	29932
Q6AXI3	43558	37412	32767	26399	33427	15456
A0A0R4IMF6	31621	39553	36372	29305	37072	14570
Q6ZM34	38524	31354	29965	32725	26337	28590
A0A8M9QME4	26025	37094	38338	27271	39813	18617
A0A8M1NF64	24667	26864	35279	31583	45911	22636
Q6GML7	40903	37011	30260	27021	25678	24086
A0A8M9Q686	10250	13881	36400	35485	54070	34664
Q4QRK0	39063	37706	33980	27355	25133	21495
F1QJX3	20813	23572	24621	34270	36240	44553
A0A8N1Z0D3	6381	12403	34171	37780	60060	33110
A0A2R8Q8R8	35634	30582	47960	25780	23363	19925
A0A0R4IMR9	37701	40068	32378	24066	32446	16397
B3DKC6	38463	30423	32140	33705	23905	23418
Q502M9;Q66IB1	39742	34857	34296	26099	27740	19311
A0A8M3ASH3	29598	32112	27416	33964	35440	22894
F1R0Q1	17354	22885	32101	32844	45002	31120
B1H1M3	39574	35669	37641	24490	24380	18920
Q6TH22	31821	36531	34744	24637	26540	25280
Q7ZV45	24901	22206	34074	31148	40630	25565
Q4VBV9	38008	37067	30567	23831	29560	19019
Q6IQE5	33208	32059	32553	26383	31555	22204
Q7T358	41220	34951	34173	21363	26779	18595
Q6IQC6	34414	35471	36624	24962	27068	18054
A4QP67	35303	29247	33045	30527	30515	17239
A0A8M2BJ58	27741	35710	32870	24236	31166	24146
Q66I39	17044	16118	32266	32120	44434	33372
F1QWE6	21731	17668	21768	28716	42032	43383
Q7SYD0	38714	40282	34790	22186	27530	11751
Q7T379	38647	37298	29949	26847	23330	18832
A0A8M3B3F1	19367	13388	32157	38171	46551	24184
Q5U398	33097	36243	30747	21546	25134	27026
F1Q6Z9	34154	28856	31114	26264	29061	24139
Q6PBR5	34917	35177	37209	25384	28874	12022
A0A8M2BKD5	34943	36012	37515	19521	27679	17724
Q3B7F0	35780	34173	34479	23537	32314	13015
A8WFU6	44841	41880	34332	16841	19242	16151
Q7ZUR1	48292	39624	30249	19820	22367	12693
A0A2R8Q650	30346	28199	28020	27540	34387	23366
Q4V9N1	36224	34020	22861	28304	25934	24364
Q7ZWE6	28796	33922	31122	27668	29195	19531
Q7ZV34	26292	33822	33120	28947	29952	17596
Q7ZVF8	17981	19565	29142	31559	45389	25837
Q9YGC9	53502	28314	22731	33153	18779	12055
Q6DHH7	35050	41753	30108	24279	25656	10831
Q7SYK7	23028	25060	32865	31210	31559	22973
A0A8M9QG12	31164	28459	32137	23244	31161	19812
A0A8M6YVS1	18016	23434	26862	24893	53563	19208
Q66HV4	33042	29458	32338	27251	23861	19708
Q5IHX7	30738	30575	22709	32650	32351	15779
A0A8M9PQ61	15967	21742	19123	31365	52573	22263
Q7ZUQ2	28371	30868	29136	13124	32652	28552
Q6NYX8	22748	22247	17365	31525	28152	40303
A0A8M1NE33	25480	27713	35585	27861	30037	15461
Q6PEI8	42800	31441	29904	22240	19135	16239
Q802X5	29331	30738	38419	22578	25523	14903
F1Q740	31060	33672	24340	25741	19800	25633
F8W2D1	36773	36514	25199	22528	23343	15399
A0A286Y8U4	36172	27929	25137	24035	22191	22801
A0A8M9Q6X7	34944	32606	27968	20679	18522	21712
E9QJ40	35226	35301	29276	19025	23976	13611
A0A8M3ATS9	23094	23744	30404	24351	32664	21872
A0A8M3BE44	13754	14859	24641	31044	43793	27403
A0A8M9Q5T9	8092	14297	19296	41409	40080	31854
A0A8M2B7A1	34907	27582	31506	20714	21385	18486
B8JLW8	33605	31092	25740	26530	24181	13391
Q7SY59	15542	16961	19123	35023	27740	38733
A0A8M2B3J0	28720	31380	30165	23801	25248	13666
A0A8M1PFF3	17635	19036	27396	30124	26021	31808
A0A0R4IG09	27871	35101	23770	23794	28840	12273
A0A8M9PQ01	26711	24028	28495	27983	24926	19434
Q7T394	29840	31171	27902	25091	21742	15744
Q6NYN3	30042	31234	27034	21260	24420	17406
Q7ZUZ4	26862	28506	28903	26271	27103	13468
Q6DHE6	34112	24509	26509	23194	13642	29104
A0A8M9Q812	30037	28951	26977	21193	22943	20414
Q08CB4	37208	31659	27967	17273	18060	17969
A0A8M6YVR9	37197	30166	23739	20147	18938	19504
Q6DRK5	29133	24589	27401	22393	22024	24050
Q7SXN3	33667	31548	27906	23508	19243	13499
A4QPA0	19402	24475	17067	25622	26217	35886
Q5U3E8	20837	20258	19672	26008	22509	38987
Q7ZVK8	32417	29992	29956	18059	20071	17353
A0A0R4IHF0	24660	19075	18140	40918	26712	17948
Q6PHI7	14853	23705	42074	13934	29457	22186
B8JLJ8	32371	26692	24559	25035	21292	15594
A0A8M2BIL8	27781	25298	25587	22484	30135	14015
Q803M7	24985	22887	18260	27613	26082	24818
Q6PE26	28047	33847	24448	18680	25326	14289
E7F7U9	23489	27010	29623	22830	27972	13646
Q561X9	31593	23417	22474	21880	23273	21835
A4IG53	17664	21342	25379	27758	31992	19181
Q5RHZ6	25998	23735	29800	23832	22466	17424
Q1LXP8	26549	28287	36131	19849	22882	9014
Q7ZVK3	29012	28705	23237	20577	25347	15653
F8W442	15023	14189	22653	35672	32791	21674
Q6TGS6	26385	24513	21807	23291	21910	23120
Q9DE44	30441	26444	29101	23099	19273	12416
E7F2F4	22730	24809	29080	18948	22417	22659
Q6PHJ8	33315	23578	25448	25376	16837	15277
Q5BJB9	16413	22129	26490	26708	26279	21511
Q7T3H9	27942	27888	30169	18374	14379	19754
A0A0R4IBS8	22241	24894	26049	23167	26127	15860
Q7ZUN8	25547	27872	16630	26125	30476	10281
Q3S344	29429	28106	21321	18644	16334	22506
Q4QRJ7	37109	32862	23279	16416	18006	8494
Q6NV15	21303	26420	26993	17187	25551	18613
E7FDV9	24826	25577	30815	18105	19542	17027
B0R0D7	21013	16747	22730	24926	25331	24976
F1QWR0	15699	19357	14935	21358	29184	34407
Q6PBY8	19307	24519	24298	25554	25108	15920
A9C3T0	23963	23129	17988	25655	22105	21619
Q5TYP7	17359	19566	28966	19886	26267	21986
Q6NYD6	20755	20156	15984	32633	23117	20999
Q6NZ06	24759	23388	25747	20140	17487	21902
Q7SXK1	32880	25038	27098	20074	18728	9126
E7FDV0	22552	23104	19570	27431	26675	13350
Q7ZV22	31059	29720	19601	15219	15863	20992
Q7ZUP6	19384	24446	23754	23507	27516	13836
Q6PE19	26164	21335	22770	26032	20729	13673
Q7ZUM5	31767	27263	22660	16990	19901	11403
E7FBI2	22305	22555	28368	14039	25363	17179
Q6PBX5	29394	26665	23726	19130	20536	9951
A0A8M3BBK0	21925	22513	26395	18653	18079	21754
A0A8M9Q1J0	28874	28418	25057	18081	16936	11898
Q6XG62	43496	21436	11557	30473	13128	8855
Q4H4B6	12939	14446	24676	21410	28188	26731
A0A8M3ARK1	28654	25091	22745	19446	15353	17008
Q7ZUC4	23489	25318	21431	18596	24655	14710
A0A8M9Q1C7	30087	23970	24696	18055	15830	15414
A0A0R4IEQ0	11328	16062	21770	26244	32750	19759
B8A6A1	24984	29620	27183	17114	19873	8802
A0A8M2BA80	23884	29702	24591	15127	25413	8807
Q6NWL1	15900	15518	23823	23926	25588	21545
A0A8M9PPG9	27607	24508	22811	18653	18037	14299
I3ITI8	16908	13661	21925	26001	29955	16693
A0A8M9PS81	15496	16496	22113	23236	26534	20770
Q4KMJ5	19784	18721	16537	23521	17341	28679
B0R0V8	33122	24843	24326	14208	17215	10191
Q7T2F5	17684	20080	25157	21364	25311	14301
A0A8M6YVB9	23915	25145	23291	18520	18860	14135
Q7ZWC4	22133	20763	24464	25319	17036	13727
Q7ZW13	23867	22826	23202	17722	18386	17412
A0A8M3APC9	18919	18287	22654	23545	23191	16761
A0A8M9PHR9	14567	15630	19058	21433	25279	26700
Q7T370	23032	26949	20261	17458	24872	10068
A0A8M3ANA5	15002	18160	14793	21176	15816	37406
F1R3J9	14082	14357	15115	22512	15859	40400
Q6P2U5	10752	12550	14336	24199	31451	28759
A0A8N7UZX0	28100	21732	24315	16984	16048	14415
B3DJ32	18972	16129	14600	9080	8566	54036
Q642H3	27854	21913	17141	18010	17093	19245
Q71PD7	22816	14593	27841	24633	21571	9798
B1WB98	17421	18732	22992	16862	27571	17362
F1QGH9	26002	25005	18696	18854	19647	12339
E7F700	28366	21437	23680	17248	17285	12258
Q568T4	25316	23202	20529	20960	15369	14810
F1QGP1	30239	26937	18750	15067	16040	12994
Q9PUE4	25600	22879	18896	19023	17142	16325
Q7SZR9	22017	22590	22897	19440	17268	15504
A0A8M9PV15	23256	20641	21016	21481	19092	13456
A0A8M9NYM9	21205	20583	17915	21501	25245	12305
Q8QHA7	21134	24301	20687	20704	16328	15535
E7EXC4	21088	18023	20430	18397	18138	22556
Q1LVL3	30802	26173	20521	15118	18013	7998
Q9DGE0	23412	25397	22211	16634	17733	13177
A0A8M9P0A2	15719	17465	21367	19015	27856	17111
A0A8M9PTB0	8997	9535	16665	34748	27961	20119
Q6AXJ2	21631	23964	19585	17839	21415	13317
A0A8N7UTE4	23271	19214	27739	14794	19313	13384
Q1RM42	20869	22613	23196	14052	20559	16008
Q5RKQ5	22892	21835	29572	12593	17548	12760
Q6P0U0	22765	23030	20165	18226	15617	16989
Q9PTS2	24450	26021	16780	15942	18931	14396
A0A8M3AKD0	26768	23241	20949	14862	17086	12452
A3KMH5	17301	9170	20486	19117	28202	20793
Q08BB2	8647	10142	21798	25758	27190	21284
Q7T3D5	19182	19384	12964	20176	23628	19247
A0A8M1P526	14898	14088	21527	20703	23726	19488
A0A8M9QDC4	10299	6157	14994	39937	25738	17227
Q5XJ51	26359	22069	19932	15555	17055	13233
Q6AZA0	14043	11738	20631	19179	15847	32656
Q7T2B9	17191	33375	17426	14694	13430	17763
Q7ZW40	25223	21301	22240	14960	14501	15562
A0A8M9PK80	21583	22635	19200	16597	18416	14870
Q6NYJ9	18265	17139	18281	20555	20029	18884
Q6NYJ1	21568	21310	21430	14531	22755	11278
Q6TNT8	13968	11679	14921	23688	28606	19831
Q803W1	24970	24994	18029	15232	14910	14479
Q803F5	7785	13322	19826	19196	30579	21598
Q7ZV25	17753	22835	28308	15623	17378	10231
A0A8M9P550	11803	11265	22971	21936	24249	19573
A0A8M3B020	21924	21088	22291	14591	24032	7653
A0A0R4IQS8	16775	16832	25250	14099	20881	17434
Q7ZVA9	21439	19795	23978	14248	20791	10555
Q6DH23;Q7ZV03	19804	19950	14457	17578	16426	22121
Q566V0	19741	19448	16918	16111	13026	24954
Q5PRC6	29119	21991	20945	14081	15031	8956
A0A0R4IGK4	7269	8542	18809	21927	25063	28156
F1QE25	22810	22160	23739	14527	14631	11550
Q6DH05	8232	14308	16648	27203	21083	21891
Q6DGK1	11838	15666	11196	21698	27156	21481
A0A0R4IL71	11221	14723	10239	18576	16353	36399
Q6P0K4	25039	25025	17560	19325	14350	6073
Q90YM8	18827	14133	15755	21068	23176	14312
Q6P0H6	25323	21550	22630	13687	14279	9610
Q802Z5	24317	12009	15294	21985	21529	11922
Q7SZC9	25681	19646	19155	16537	15409	10499
Q7SX99	22941	21558	20241	18582	14405	8993
A0A8M2B6D5	23217	21356	19056	15558	16977	10453
Q6NYA0	20741	22018	21025	14039	17920	10476
Q561Y1	33345	20791	22435	9523	13427	6630
Q6IQT4	22012	18952	20082	15494	16233	13035
F1Q5B5	13196	13789	17920	17216	30442	12612
A0A8M2B230	22639	20870	23110	15857	13839	7658
Q7ZTZ3	23961	26058	18823	14154	15512	5359
Q6PGT6	19882	17715	17907	14837	16139	17248
A0A8M3ASM9	21235	21381	19134	15918	16392	8854
A0A0R4IXD9	21648	18673	20571	16359	14403	11256
F1R2X6	20474	20021	15279	13617	15662	17841
Q8JGR1	24625	19805	18577	16818	15476	7348
Q6DG22	15107	13328	35016	13144	9564	15995
A0A8M9PNG1	16089	15621	25532	13946	14415	16420
Q08C33	15669	15076	13600	15764	17319	24581
F1QHC4	10505	10868	21018	21035	22765	15467
Q6PBN4	19615	16365	8741	24361	15805	16680
Q7ZV43	20925	18268	17210	15613	16641	12417
A0A8M3ASI2	5381	6244	18362	23300	29769	17824
Q6DBU5	17040	19229	14741	14541	17699	17329
Q6PC77	10850	12166	16945	20552	25617	14188
F1QF19	19110	12950	19090	14024	14423	20150
F6P873	17201	14501	17131	15139	21688	13810
Q7T368	13443	14146	18611	21716	18778	12581
Q7ZTY5	22005	21541	20027	13917	13006	8702
Q7SXT5	14029	22328	13173	14252	18675	16412
Q4KME1	18619	17307	19537	13231	14670	14493
Q8AYB9	17299	18079	17680	16311	19072	9111
Q6PBZ7	24728	25388	17153	13124	9241	7789
Q7SZC7	12222	12336	16836	15729	25041	14592
Q7ZU89	21949	20159	15217	15015	15578	8796
A8WFZ3	6788	8139	20754	16596	22621	21658
A0A8M6YY36	6910	9990	16244	21320	32259	9282
F1QGC8	13065	11464	11840	18847	16178	24382
F1Q7N8	10011	11172	17303	15578	26641	14861
A8WG65	22628	20123	16888	14312	11575	9887
A0A8M9PY01	22715	20585	16084	15116	13586	6956
Q6DRD1	11267	11177	16583	18530	22671	14608
Q5XJ54	18543	22441	17739	11940	16859	6435
Q803B0	10717	11214	18085	17921	21784	13955
Q7SXU7	17902	14875	21255	10412	14719	14425
A9JRE2	20876	17585	15529	12351	12969	13905
Q6P2T6	15266	14345	18149	17835	16649	10201
Q6NXB9	18279	19644	14181	14577	17225	8350
A0A0R4IAZ9	19469	15873	12863	15191	15340	12667
Q9PUQ6	7397	9346	14562	17518	23436	18951
Q7SXS7	21687	16358	18938	11981	13565	8418
A0A0R4IVE2	16590	13193	20616	11841	13644	15034
Q6PBS3	19683	18116	16465	12786	14225	9451
Q6TEM5	20729	15618	18568	15117	10094	9897
A0A8M9QB40	8215	7366	16408	17909	26076	13703
A0A8M6Z250	20446	14997	17883	14340	13097	8507
A0A8M9PFF4	16584	20195	15110	11827	17599	7888
Q9I9E6	23377	16432	16116	13488	10911	8697
Q7ZUS7	18262	19059	16512	13482	12796	8786
F1Q6K1	13699	15900	15482	12109	14462	16810
Q6PEI7	15364	17896	15874	13494	12920	12683
Q6NYA1	13888	16575	20709	14646	14093	8306
A6NA21	8285	10702	18610	12756	23769	14091
A0A0F7C9F3	21790	16893	18470	9711	14064	7027
A1L1V1	19955	20324	17387	12257	10974	7007
A0A8M9Q303	11059	16271	14260	12692	20693	12732
E9QHD9	6401	12730	12830	17695	22316	15672
Q66ID4	17327	13489	15305	12212	11461	17739
F1Q897	11614	10282	16989	10753	21044	16612
Q6PCS7	16640	13911	15205	14576	15107	11820
Q6DHK5	15808	33554	10395	4317	14798	8338
Q6NXA5	14486	13846	14658	13004	20140	10791
Q1ECX9	15023	13365	15578	14347	14019	14375
F1R5X7	16118	15234	13582	13226	15123	12959
A0A8M9QBK3	16751	14981	16311	13933	14172	9455
Q08CI5	16293	18504	18134	10760	14327	7460
Q567F8	17893	16611	16240	13404	12643	8065
Q7ZT42	18090	18159	16496	12329	11777	7615
A0A8M9Q8F2	15780	14383	10718	14384	16930	12058
A7YT82	20236	18125	14511	12598	10185	8259
Q6PC30	21815	17464	14028	11037	10871	8382
A0A8M9QFI7	16658	17423	14240	10624	13983	10354
A9JTH1	14958	14286	10251	14672	15244	13768
F1QSI9	15265	12357	14498	14225	11780	15020
Q6P3G9	13496	14186	13778	15026	16945	9447
A0A8M9Q9P3	16446	12848	14461	11154	11825	15828
Q6P607	19418	18894	9543	12793	13184	8554
Q7SZF4	17475	13947	13402	11850	16095	9533
F1QCN0	13608	16908	11725	12595	17955	9045
Q7T3L3	19047	16183	13754	10490	12044	10214
E7F0H3	11824	17580	10321	13766	13227	14988
Q6GMI7	18450	17578	15985	9309	12354	7729
Q6PFU1	11512	8732	15564	13030	18795	13702
Q6DBY2	17209	15478	16982	9750	11977	7676
Q7ZWF5	8543	11329	13141	15084	15720	15072
Q6GMK8	14404	14724	12291	11846	10269	15292
A0A8M9QEN6	13706	9317	11098	15230	14850	14405
A0A8M3AQJ2	15767	17138	13310	13959	11839	6517
E7F3F1	5387	7132	9200	12557	12257	31666
Q7ZUM3	13314	10062	15428	13333	16116	9824
F1R184	16270	16960	11310	12344	12490	8372
Q8UUX0	11569	11284	13838	11248	17558	12154
Q6NYS8	14047	13949	13143	13010	15688	7799
Q4V9I5	16231	13603	11964	9268	13731	12832
Q568R9	17182	17764	15956	9991	8841	7873
A0A8N7T837	18281	14837	13654	12753	10227	6987
Q8JH71	19559	21420	13156	4993	9393	7312
A0A8M2BGJ7	15983	12699	26304	6213	7351	7108
Q7ZW09	12683	13571	15471	12252	12639	8914
Q6IQ70	12969	8022	9592	15440	16403	12074
Q6NYQ7	10341	10597	14864	13980	18342	6198
Q5SPD5	14283	22384	9550	9576	13499	4897
A8E1V6	7544	10112	11570	13540	18608	12522
A0A8M9P612	12468	10342	11922	10253	12900	15832
A5PN62	9647	10120	15814	12149	15220	10698
Q68SP2	15051	13107	14535	10761	10054	9600
A0A8M2BAJ8	6202	6834	12385	14956	18910	12950
A0A8M3APD8;Q6TH48	8709	8009	8666	16211	16326	14251
I3ITN3	11039	12216	11585	11326	14943	10951
F1QMV3	8541	11334	11224	13091	12519	15033
F1R6L6	14908	13579	13712	9926	7618	10807
Q5BL36	9749	8305	9928	14441	16493	11367
E9QI36	16218	15594	14292	6773	9444	7771
Q6NY88	13422	11852	14768	10238	11713	7751
Q6DEH7	12412	12464	12186	11725	13142	7551
A0AUR5	13779	15072	13455	12454	9474	5212
A0A8M2B3U1	11240	6436	10862	11561	13809	15459
E7EZD6	10081	11929	8765	13787	8757	15794
I3ISA6	11432	16525	12847	9327	10585	8218
Q5TZG5	8351	7457	13462	12357	17477	9782
Q52PJ5	13627	12812	11148	9010	14133	7918
Q6GMK7	5089	7314	11127	15729	19922	9262
Q7SXP0	7919	7704	13852	10774	15658	12002
Q6NYS3	11049	11693	11162	13179	11208	9324
Q6PCR2	10924	10234	9507	11998	9667	15164
Q802Z1	8575	8734	12453	12127	14872	10094
Q7ZW04	15251	14895	17253	6932	6780	5683
Q6P6E0	7105	9952	12825	11786	17949	7044
Q0P3U2	12709	12661	13785	8084	9410	9804
A2BEV4	8290	7722	13187	13769	13250	10006
A0A8M9QHT7	14655	12833	12295	11064	9415	5937
Q6TNW3	10465	10256	9197	10364	12013	13877
A0A8M2BEA2	11539	9403	14637	13801	10371	6069
Q7ZVN5	12199	10413	11235	9909	11342	10649
Q7ZWG7	15815	11731	13053	8452	9217	7375
A0A8M9Q8S0	12098	12344	12203	10190	10958	7481
B0UYS0	7757	8267	15442	8998	13009	11096
A0A8M1RLW3	15872	11010	10613	10681	9199	7141
A0A8M9QL03	6210	6946	11385	12863	16422	10536
Q6DHD6	14768	11985	13640	9015	8634	5492
A0A8M2BJN0	8585	9997	13841	11443	12819	6592
A0A8M6Z000	14067	11551	9530	12139	8278	7313
Q567Z4	16280	11427	10443	8869	7737	7893
Q7T387	19769	9356	9209	10270	7353	6291
Q7ZWD3	12605	13621	13040	7611	8961	6387
A0A8M1P910	8832	12195	15437	9123	9204	7247
A3KQK2	13127	11547	11932	9987	6080	9146
Q5XJ12	10446	10376	11182	10562	11191	7842
A4IG19	13604	10932	9927	9881	7253	9608
Q561X2	8873	7977	8760	11435	14505	9625
A4VCH0	7795	7805	8197	9867	17216	9849
A0A8M2B3F1	16849	11407	12551	9568	6567	3559
A0A0R4I9S5	14950	11278	12838	5334	7939	6938
A0A0R4IUB6	7463	8040	9173	9196	18016	7328
A0A8M3AZG4	10451	10001	10748	7738	7154	12858
Q6PC13	7371	9099	11963	10726	12252	7299
E7F6Z6	12752	10633	9504	8762	6898	9129
A0A8M9QFN8	8552	8365	8875	9898	7356	14509
Q6IQ89	6174	6204	11077	10508	14403	8927
A0A8M6YZX7	10691	10022	10753	8693	9259	7624
Q6NWL6	15616	12187	9428	6872	5746	7120
F6P2R4	8425	8401	11462	6875	12805	8512
A0A0R4ISC3	11118	9344	9728	10252	7104	7117
E7F2R1	9832	10558	10332	7886	8320	6179
Q1LYN2	9544	11899	6772	7256	6530	10889
A0A8M6Z7W7	5070	12432	6404	8000	8336	12518
Q8JHE0	10872	9236	7438	9199	8588	6873
E7F7E2	11779	8628	7270	9732	7575	7038
A0A8M3B7A6	11861	12323	9026	6960	5725	5445
A0A8M9QFT7	9695	10253	10354	8596	7400	4590
A0A0R4IAS2	6179	6608	8610	8670	13196	7309
A0A0R4IT09	6077	8270	9321	8735	10686	6611
Q6PFS4	4615	6382	8793	10779	9905	9101
A0A0R4IC35	10396	8465	8180	7522	6103	8163
Q7SXN5	6796	8240	8353	7027	6180	12194
A0A8M3AHV3	9659	9703	8354	8377	8147	4218
Q803J8	9132	10041	10218	7387	7893	3400
A0A8M9QD12	8672	10270	6245	6404	7746	8419
F1QTS2	6910	8137	11230	6643	8740	5899
A0A8M2BB12	6795	7626	8393	6149	10811	5040
P83571	9224	9507	8064	5651	7188	4669
Q6DBW2	8932	9148	8053	4459	7586	5323
A0A8M9PQZ5	2776	3554	4630	9144	9180	10841
Q66I75	5996	6267	6065	6629	5793	6922
R4GDQ0	5817	5926	4917	6771	4896	8497
