"accessions"	"DIACortex1_tmm_CN"	"DIACortex2_tmm_CN"	"DIACortex3_tmm_CN"	"DIANucleus1_tmm_CN"	"DIANucleus2_tmm_CN"	"DIANucleus3_tmm_CN"	"logFC_CN"	"FC_CN"	"PValue_CN"	"FDR_CN"	"ave_cortex_CN"	"ave_nucleus_CN"	"direction_CN"	"candidate_CN"	"Acc_CN"
"Q5XTM9"	8559876442.59241	7687266910.80503	7306842863.40239	7941063775.33819	8577727787.42894	13038851106.7467	0.327559975318755	1.254889189348	0.371921259813539	0.501616878620312	7851328738.93328	9852547556.50462	"up"	"no"	"Q5XTM9"
"Q0D276"	3235885689.27313	3037006652.41544	3687988114.91332	11003312514.2287	9859872076.86602	21095278507.296	2.07461665929389	4.21232473185454	1.13270748604048e-06	0.000148951034414322	3320293485.53396	13986154366.1302	"up"	"high"	"Q0D276"
"E9QE97"	9509127506.31102	8798934673.53175	8532423110.84542	8067440014.71884	8033332207.78791	4655722891.29231	-0.370847901891276	-1.29311259649248	0.322142127884286	0.461447245676102	8946828430.2294	6918831704.59969	"down"	"no"	"E9QE97"
"A7E2K5"	2723953391.95583	2720889028.48432	2578251838.34828	2534352333.01975	2073652626.65936	2672862070.77603	-0.140048485055961	-1.10194214854201	0.687467347587434	0.782700919547598	2674364752.92948	2426955676.81838	"down"	"no"	"A7E2K5"
"Q5XTN5"	1481489040.45367	2036166774.2824	1176645630.60758	2735006663.21431	3283271109.3439	5275653339.64726	1.26656534377536	2.40588109726274	0.00292139387130559	0.0698478716503065	1564767148.44788	3764643704.06849	"up"	"low"	"Q5XTN5"
"Q5XTN4"	4675353774.81749	4245795736.17003	4621313236.89798	3353771941.30463	3325343093.20097	3763803670.45423	-0.374965133281928	-1.29680821334495	0.271046296704741	0.407343863047696	4514154249.29517	3480972901.65328	"down"	"no"	"Q5XTN4"
"Q52JI4"	8461787921.22635	9172060724.20247	7325352192.79705	6051607162.00295	6230087044.26822	4754146373.36677	-0.550998607299627	-1.46509946025548	0.114523967012705	0.235310963471417	8319733612.74196	5678613526.54598	"down"	"no"	"Q52JI4"
"Q45FX9"	2758489912.73708	3240810520.94673	4826904779.78469	3410612781.26598	3155139939.96009	3325850392.57846	-0.130251380038263	-1.09448439134802	0.728626476172797	0.814187013150832	3608735071.15617	3297201037.93485	"down"	"no"	"Q45FX9"
"Q52JI3"	2998056492.40302	3245127771.1129	2375892363.6629	2436076490.79875	3419168795.47013	2257564131.00015	-0.087331722251799	-1.06240343928604	0.81447011768468	0.881504695271896	2873025542.39294	2704269805.75634	"down"	"no"	"Q52JI3"
"Q52JI7"	2826928498.83731	2642724267.77027	3538307903.50873	3729291180.85951	3216748246.93205	3460703098.68599	0.208246119608161	1.15528285564142	0.553328426372915	0.671504785959878	3002653556.70544	3468914175.49252	"up"	"no"	"Q52JI7"
"Q6DH14"	14605788993.6354	14077926769.5398	12516935311.0229	10639465579.8311	11231332103.2537	9343738256.59614	-0.400449118126933	-1.31991874406893	0.234044946282619	0.372505448405797	13733550358.066	10404845313.227	"down"	"no"	"Q6DH14"
"Q6DGZ8"	2228323692.85916	2315405500.23272	2151287124.26414	1863245872.41451	1932580843.98774	2135669036.32297	-0.174691614834569	-1.12872310736799	0.611747591752529	0.721478101483924	2231672105.78534	1977165250.90841	"down"	"no"	"Q6DGZ8"
"Q8UUZ6"	9737012124.70265	8104545859.61441	9029647841.05199	7607273424.70107	6869604838.18634	2441841059.63191	-0.6674406962089	-1.588252947113	0.153489548448138	0.292519936535219	8957068608.45635	5639573107.50644	"down"	"no"	"Q8UUZ6"
"Q5XTP1"	7108947182.48684	7339888091.60589	5172235047.84523	5012657005.78805	5249664920.38258	2827006606.48644	-0.584012651631942	-1.4990127471386	0.142145576708576	0.277480635534921	6540356773.97932	4363109510.88569	"down"	"no"	"Q5XTP1"
"Q4ZHG3"	1535971575.88328	1427839451.65351	2133747193.58863	2515955570.6029	1889202436.154	4498581664.64194	0.804605063834821	1.7466675779199	0.0681708495389228	0.169140881403176	1699186073.70848	2967913223.79961	"up"	"no"	"Q4ZHG3"
"Q5XTN3"	2462987104.37564	3242794821.18224	3459025271.55597	2353121558.02951	2582787635.69325	4252808298.0021	0.00375898197620691	1.00260892499938	0.992437132532604	0.998167714738627	3054935732.37129	3062905830.57495	"up"	"no"	"Q5XTN3"
"Q5XTN0"	3847431609.32016	4086026186.46605	4684834187.83001	3363787331.06388	4442763479.26311	1336842105.69646	-0.464715117100343	-1.38004481481958	0.326020224870576	0.461447245676102	4206097327.87207	3047797638.67449	"down"	"no"	"Q5XTN0"
"Q6DGJ1"	2696876955.52024	3219500624.7539	2676272535.53067	2232399600.94594	2392047190.59077	1418468116.01066	-0.507858524087033	-1.42193796326222	0.179876954701387	0.323097477373823	2864216705.26827	2014304969.18246	"down"	"no"	"Q6DGJ1"
"Q5XTN7"	847106489.186387	1041650516.26734	735556524.517637	782652287.441508	986554580.852877	1474379434.9409	0.305649734964272	1.23597514785921	0.449498781869966	0.582355564688675	874771176.65712	1081195434.41176	"up"	"no"	"Q5XTN7"
"Q9PUR2"	3450339401.80889	3165288169.37581	3392579637.30317	2828964831.31613	2786944639.08522	896049081.024684	-0.620020142386068	-1.53689663861515	0.195878421631422	0.33892121637542	3336069069.49596	2170652850.47534	"down"	"no"	"Q9PUR2"
"Q5XTN8"	2825939816.211	3208909150.83611	2486022076.16157	2888581117.82319	2007452397.90645	2889997497.41055	-0.130112825821383	-1.09437928372342	0.721431506819786	0.8108396850154	2840290347.73623	2595343671.04673	"down"	"no"	"Q5XTN8"
"Q567D9"	846026172.426425	1026634209.00169	1520646966.09126	1628378280.43828	1077699373.05586	1789808389.0389	0.405913360640026	1.32492744750036	0.323361317534344	0.461447245676102	1131102449.17312	1498628680.84435	"up"	"no"	"Q567D9"
"B5M4A7"	1213035436.6771	1917034793.31423	1690410747.26754	1299129565.27613	1380126540.55078	1435214504.09677	-0.228470284900035	-1.17159203072988	0.534838359550291	0.660387270242848	1606826992.41962	1371490203.30789	"down"	"no"	"B5M4A7"
"Q5XTP2"	463683753.873114	212892538.064329	799497630.098437	740198106.913886	633064471.308278	1080503618.47647	0.733232817378452	1.66235996725304	0.16446508304914	0.307405604391348	492024640.678627	817922065.56621	"up"	"no"	"Q5XTP2"
"Q5XTN2"	2091253269.98599	2220528138.40346	2183835871.02587	1464628940.50496	2203422745.0134	658637053.546439	-0.586203294431032	-1.50129063382066	0.215167021868997	0.353680792197164	2165205759.80511	1442229579.68827	"down"	"no"	"Q5XTN2"
"A0A8M9Q8E3"	2814434089.89174	2257218815.84061	1941075025.59	2020078661.90673	1830061569.73789	497291055.447912	-0.689812532560603	-1.61307389771589	0.194433558164215	0.338649177464825	2337575977.10745	1449143762.36418	"down"	"no"	"A0A8M9Q8E3"
"A8WG86"	934522151.281215	901308249.748254	1145195117.58094	1077684676.6889	914309404.339259	843554147.708758	-0.0721810306235375	-1.05130481943461	0.842015881948939	0.900203971351914	993675172.870135	945182742.912307	"down"	"no"	"A8WG86"
"Q6DGY7"	530922157.87139	754144843.801743	1076708860.80065	1442271352.31506	870959190.284437	1676569673.75691	0.756444451171122	1.68932212397894	0.0857823670639601	0.196180543807144	787258620.824594	1329933405.45214	"up"	"no"	"Q6DGY7"
"Q6IQU2"	1792246936.35942	1742079573.8175	973383127.771926	1112897845.42375	1151692175.07202	1048334893.97504	-0.444289082170862	-1.36064346591715	0.257826287079785	0.394234380825485	1502569879.31628	1104308304.82361	"down"	"no"	"Q6IQU2"
"A8WGA7"	503596571.183243	333336859.386509	393850303.092678	469496035.206056	394214268.73784	422005147.769999	0.0629941054957874	1.0446314949971	0.871204121458505	0.918652601116881	410261244.554143	428571817.237965	"up"	"no"	"A8WGA7"
"Q6DGY4"	347106357.748323	481071622.385133	627050089.876492	1029328117.84915	720979113.957897	1619288978.39483	1.21133044259302	2.31551072965411	0.00772268188575748	0.0718267379650877	485076023.336649	1123198736.73396	"up"	"low"	"Q6DGY4"
"E7F8M1"	397025289.218792	488325634.944987	479854923.646999	781563599.165361	473370446.256859	661843563.816119	0.489564461156152	1.40402094842478	0.213674786046333	0.353680792197164	455068615.936926	638925869.746113	"up"	"no"	"E7F8M1"
"Q66I80"	931495037.753604	1091325159.866	658848177.599898	628613142.470731	950640420.870628	124790757.882711	-0.654167979927265	-1.57370811417228	0.311379002874928	0.457500993050872	893889458.406502	568014773.741356	"down"	"no"	"Q66I80"
"Q4ZJI3"	246991879.835734	428596607.128881	1180046818.91231	2071965912.43931	2321924147.35918	1783409848.35597	1.73506317488216	3.32894070757898	0.00274747101341347	0.0698478716503065	618545101.958975	2059099969.38482	"up"	"low"	"Q4ZJI3"
"Q6DEI6"	184404834.222885	304237538.24667	981458725.254603	1563252803.98882	1902036140.92584	830183061.191553	1.54690129875652	2.92188885019947	0.0169280777063845	0.101395984640249	490033699.241386	1431824002.0354	"up"	"no"	"Q6DEI6"
"A0A2R8QDV2"	1261115148.8337	781540000.906158	876315945.181066	784192765.781701	726649047.860739	133038522.9339	-0.828354640647436	-1.77565910971365	0.180590605224152	0.323097477373823	972990364.973641	547960112.192113	"down"	"no"	"A0A2R8QDV2"
"F1RCB6"	132089648.546363	141181670.944475	427559700.924381	294759299.425871	428750164.418764	189583555.055546	0.381695205670653	1.30287186540231	0.507542674024017	0.632624280892495	233610340.138406	304364339.633394	"up"	"no"	"F1RCB6"
"E9QIV8"	319721161.91295	250348536.903659	344968132.564471	311382027.542767	245930823.457451	202317215.944331	-0.268534382005481	-1.20458348240694	0.506168931460328	0.632624280892495	305012610.46036	253210022.31485	"down"	"no"	"E9QIV8"
"A8KBB6"	27937577.6566012	37297919.2172467	83248717.0824255	353326130.460036	246517562.70142	820972419.006459	3.25833838396168	9.56880246263974	6.29678614161737e-07	0.000148951034414322	49494737.9854245	473605370.722638	"up"	"high"	"A8KBB6"
"A0JMJ1"	314857350.236786	217551494.457625	205368447.94811	120711013.071091	124122452.986176	57505039.9396385	-1.28702065501227	-2.44023595409998	0.00567111043345421	0.0718267379650877	245925764.214174	100779501.998969	"down"	"low"	"A0JMJ1"
"Q6DG30"	152880539.720065	151458910.056043	98835703.0604252	115165141.588099	127132742.975093	124624756.705896	-0.135930800992836	-1.09880151151768	0.734033361234297	0.814187013150832	134391717.612178	122307547.089696	"down"	"no"	"Q6DG30"
"Q5XJ63"	134929064.151875	216471027.207207	415067504.585168	420432632.622651	157388577.363224	187952117.656268	-0.00130738898212793	-1.00090662377109	0.998167714738627	0.998167714738627	255489198.648083	255257775.880714	"down"	"no"	"Q5XJ63"
"A0A140LGD4"	141821311.434529	153578133.954922	241658689.874916	156014541.008702	144472954.139214	112550377.887273	-0.378804190464813	-1.30026365698095	0.367128043115991	0.499382852151512	179019378.421456	137679291.01173	"down"	"no"	"A0A140LGD4"
"Q9YHX5"	49140290.959062	71595950.4187377	153677830.275627	238704249.556345	377442360.794778	127586716.464828	1.43843095863976	2.71025943507465	0.0141471625522847	0.0930175937812719	91471357.2178088	247911108.93865	"up"	"low"	"Q9YHX5"
"Q4VBU1"	48265530.8051651	119099709.056609	156538625.315071	169799980.639183	140913080.399484	499504253.16744	1.32274323282201	2.50141292313306	0.037418343840848	0.125683833748915	107967955.058948	270072438.068702	"up"	"no"	"Q4VBU1"
"Q803A1"	102944281.467923	97924414.7116963	109780501.439435	110670095.215748	75717753.9038211	106491681.646572	-0.084978960261491	-1.06067227302103	0.829229559817912	0.89374706999389	103549732.539685	97626510.2553803	"down"	"no"	"Q803A1"
"Q7ZVF9;Q7ZVI7"	102016594.028251	112457602.295617	235988973.428751	221104179.595394	297692274.225991	149558660.969449	0.569205694456981	1.4837064596377	0.249399370476394	0.385835496678185	150154389.91754	222785038.263611	"up"	"no"	"Q7ZVF9;Q7ZVI7"
"A0A286YA92"	50191508.6248676	78053653.2382255	173413531.161277	254268028.742527	266157199.655348	125082858.298863	1.09751801249773	2.13986237301833	0.051957506250831	0.142341918166339	100552897.67479	215169362.232246	"up"	"no"	"A0A286YA92"
"Q6DGY5"	3770299.61470515	8719551.82197371	22799401.7312712	70033661.9704073	91086817.9916858	169264687.092693	3.22684812277697	9.36220343010387	6.61078441979349e-06	0.000579545434135229	11763084.3893167	110128389.018262	"up"	"high"	"Q6DGY5"
"E9QH74"	30868320.6282001	60967823.6575801	71421329.9034968	105738705.58005	119627285.573343	186515592.857957	1.33508058304643	2.52289572686776	0.0055474276666768	0.0718267379650877	54419158.0630923	137293861.337117	"up"	"low"	"E9QH74"
"A0A8N7UVS8"	33472967.9661223	61696581.6607978	118354490.123311	176778655.040225	202792518.323596	91911405.9121042	1.14280596153724	2.20810068893151	0.0419839600991858	0.125683833748915	71174679.9167438	157160859.758642	"up"	"no"	"A0A8N7UVS8"
"Q45FX8"	27147514.5649135	39391567.5478399	75509728.6787411	109000981.593037	122801488.486969	64668181.363064	1.0615025436505	2.08710407212238	0.0374909511153399	0.125683833748915	47349603.5971648	98823550.4810234	"up"	"no"	"Q45FX8"
"Q5BKW4"	22131870.992254	39803566.0150337	27032455.7869178	67175075.6765107	98485274.5670194	86237694.4117588	1.50148323339019	2.83133652763882	0.00048704256936501	0.0320230489357494	29655964.2647352	83966014.8850963	"up"	"med"	"Q5BKW4"
"B8A516"	29163870.2320683	24735832.8248312	24911700.7041628	26262586.0528214	19928342.7269262	7304806.04969106	-0.558980542959419	-1.47322780054032	0.270040960523831	0.407343863047696	26270467.9203541	17831911.6098129	"down"	"no"	"B8A516"
"Q5MJ86"	115412924.516428	91101470.7202669	93270924.2470355	72465981.5365341	63618941.1943675	71171556.8633242	-0.532512529873204	-1.44644606562198	0.166876828116091	0.307405604391348	99928439.8279101	69085493.1980753	"down"	"no"	"Q5MJ86"
"Q7ZUG1"	25875086.5546108	24954185.0689759	8039628.91632027	5536868.28646765	13696410.9487496	7745730.37816073	-1.12566828882108	-2.18202600405004	0.0465155842883432	0.133485204443245	19622966.8466357	8993003.20445934	"down"	"no"	"Q7ZUG1"
"Q92005"	68564688.1899597	72190070.6118488	82099013.8322892	51364858.0820435	71401459.1362187	21863573.9869954	-0.623731636055278	-1.54085556434406	0.206572663571441	0.352783185190188	74284590.8780326	48209963.7350859	"down"	"no"	"Q92005"
"Q4VBH6"	47700262.1685856	68372625.6591426	37107645.2904966	41735233.7557024	41197963.6788209	21694036.1441183	-0.549974549465353	-1.46405986165245	0.225365766083016	0.363626972268915	51060177.7060749	34875744.5262139	"down"	"no"	"Q4VBH6"
"Q7ZV29"	37144190.2522376	47762968.5347132	36500326.5797499	22452916.6430905	27479935.7981661	18865218.0518663	-0.819417365741024	-1.76469317375459	0.0372690394118185	0.125683833748915	40469161.7889003	22932690.1643743	"down"	"no"	"Q7ZV29"
"F1QTD7"	24293461.7644492	37310407.3165151	31025991.6037973	36604172.117564	40000148.9021586	42134690.1975829	0.35824475802611	1.28186537623541	0.357060590809941	0.494247028331655	30876620.2282539	39579670.4057685	"up"	"no"	"F1QTD7"
"Q5XJ10"	76294762.3591484	86305472.5831126	96082281.876073	63747197.2513153	52042953.0695803	41712779.0708537	-0.715803892001065	-1.64239813073524	0.0726658664421205	0.178608624993249	86227505.6061114	52500976.4639164	"down"	"no"	"Q5XJ10"
"Q9DDU5"	67369673.8753982	75236578.5288679	45551182.4877694	21839778.2545423	28925626.8993511	9324774.51313146	-1.6467391624243	-3.13125099533175	0.00131324804077537	0.0436637261979998	62719144.9640118	20030059.8890083	"down"	"med"	"Q9DDU5"
"Q6NWI0"	22081085.0643409	16159120.9574662	15043311.6122696	12225203.2840628	9211854.89194061	3784908.72904558	-1.07900857260225	-2.11258375822427	0.0314743322569154	0.122559920147899	17761172.5446922	8407322.30168301	"down"	"no"	"Q6NWI0"
"Q6DGI6"	63535220.3134142	42162939.8527053	25728053.9900775	65481901.1717319	41850211.8376077	33711409.1596263	0.101887334248322	1.07317648213878	0.832578069005715	0.89374706999389	43808738.0520657	47014507.3896553	"up"	"no"	"Q6DGI6"
"Q6PBS2"	11093131.6861965	21479163.7428819	33398463.8348311	45751914.8078642	97198064.1929341	35637139.2830745	1.4367294100353	2.70706477046069	0.0114118278719279	0.0811165062247848	21990253.0879698	59529039.4279576	"up"	"low"	"Q6PBS2"
"Q58EE9"	12264930.4849645	17954534.8878474	24213696.3135403	38480527.0439434	61981148.8195908	20191048.679207	1.1483027534628	2.21652979185649	0.0258074229144001	0.116607410374575	18144387.2287841	40217574.8475804	"up"	"no"	"Q58EE9"
"A2AR68"	14073928.4681731	20084396.2166291	16702073.3043376	13823662.1622772	17660339.4092491	11542566.4217537	-0.241314984483609	-1.18206959934809	0.544643818575378	0.66623871760616	16953465.9963799	14342189.3310933	"down"	"no"	"A2AR68"
"Q6PBK9"	16389650.6046163	19420873.617003	7046570.46870519	4600764.31917336	6466730.42904941	932480.348636518	-1.83650265600004	-3.57143196918311	0.00832868775325016	0.0718267379650877	14285698.2301082	3999991.6989531	"down"	"low"	"Q6PBK9"
"A0A8M9QMF3"	47156771.4508079	33649091.7289363	15944723.2918753	29463574.6439462	33323175.4839951	1991256.95460002	-0.578766329501502	-1.49357151954888	0.489762609041215	0.622258773805988	32250195.4905398	21592669.0275138	"down"	"no"	"A0A8M9QMF3"
"A0A8M9PQF2"	22358488.8668578	24646415.1570949	38639887.7912004	44477443.6793997	60694940.8282309	30985455.7048188	0.668842637917241	1.58979708312349	0.133074058370932	0.267163949248512	28548263.9383844	45385946.7374831	"up"	"no"	"A0A8M9PQF2"
"Q803M8"	74167761.5626261	71327802.5357619	78631779.5091488	56150529.446946	58388048.7532269	28205245.0410015	-0.650890353116659	-1.5701368964236	0.13305618224068	0.267163949248512	74709114.5358456	47581274.4137248	"down"	"no"	"Q803M8"
"A0A2R8Q1X2"	56464109.498782	45072386.6616131	39632364.1418632	19449642.5790848	26633061.4038847	6755572.04738673	-1.41776659294094	-2.67171586410494	0.00842255804899947	0.0718267379650877	47056286.7674194	17612758.6767854	"down"	"low"	"A0A2R8Q1X2"
"A0A286Y8V0"	4819119.85336988	7912793.68370385	19070639.4135563	29713350.8748925	39189270.1475656	24756856.5584962	1.5582824243642	2.9450301592564	0.00538763468259148	0.0718267379650877	10600850.9835434	31219825.8603181	"up"	"low"	"A0A286Y8V0"
"Q7ZVA4"	51309343.8306447	41547759.6507933	36698455.2125575	32939239.2660809	29438975.0033441	16839562.142647	-0.709674815219589	-1.63543543585569	0.0969062609409666	0.215985988368425	43185186.2313318	26405925.4706907	"down"	"no"	"Q7ZVA4"
"A0A0R4IXS6"	15176328.1959105	10409620.5250925	5193395.72311712	9987227.10366544	9919390.48535992	10652885.3339658	-0.0103414535531081	-1.00719388406555	0.982168854723558	0.99350157227806	10259781.4813734	10186500.9743304	"down"	"no"	"A0A0R4IXS6"
"Q66I42"	14848832.774129	24035036.8036127	43580712.0654756	55091106.9142997	60396276.388286	19704875.885865	0.713166026296676	1.63939786626651	0.212173769906939	0.353680792197164	27488193.8810724	45064086.3961502	"up"	"no"	"Q66I42"
"A0A0R4IGP6"	53945003.907972	41067967.8543364	48053288.5476371	23998630.7835357	26919254.1610364	11338772.558877	-1.20038345751469	-2.29800741072583	0.00832407199205864	0.0718267379650877	47688753.4366485	20752219.1678163	"down"	"low"	"A0A0R4IGP6"
"A4VAK4"	34419966.294732	34911180.9231114	24516603.4447046	14503386.8405343	21003725.6304279	4101053.06608618	-1.24452429190024	-2.3694041213488	0.032827911768474	0.123339154215838	31282583.5541827	13202721.8456828	"down"	"no"	"A4VAK4"
"F1QXB0"	14298018.3031179	13728307.7782368	28281450.5387792	31168278.6188716	50136668.7350959	20938450.9081744	0.860601606639393	1.81579533768312	0.0835637924553582	0.194489180670435	18769258.873378	34081132.7540473	"up"	"no"	"F1QXB0"
"X1WDH8"	31109381.4975648	26209122.3988723	69873326.8137274	49567973.0838575	55839575.9253784	23382149.0516471	0.0180111857874582	1.01256265706529	0.973073151408757	0.98810130818727	42397276.9033882	42929899.3536277	"up"	"no"	"X1WDH8"
"A0A8M9QBT7"	2636967.06180082	6652096.87156347	18503276.0051277	22698851.7005789	27363557.3175421	14813734.3255743	1.22300076842293	2.33431742297606	0.0658995889227823	0.166649921987421	9264113.31283066	21625381.1145651	"up"	"no"	"A0A8M9QBT7"
"Q7ZU99"	21091274.1864702	20417914.1308634	17325835.2070506	21241156.1221936	18708391.9079116	29166178.0709239	0.232338787004978	1.17473780005177	0.554055279670317	0.671504785959878	19611674.5081281	23038575.3670097	"up"	"no"	"Q7ZU99"
"A0A0R4IXC8"	11656752.1990284	11046729.3608892	13488290.9040263	4850729.75290145	10355320.5423937	3944888.302119	-0.918246655830127	-1.88981716378281	0.0494781731722634	0.139922145637691	12063924.154648	6383646.19913804	"down"	"no"	"A0A0R4IXC8"
"Q29RF4"	18250103.9048932	19782244.7045741	43634170.7607633	46604061.5281579	48771966.4657032	22050478.3861632	0.52394145689472	1.43787818172681	0.308472134242795	0.455776243291321	27222173.1234102	39142168.7933415	"up"	"no"	"Q29RF4"
"Q7ZVA5"	10880902.6709022	8730196.62873396	9362460.9914858	6838595.32510923	6116303.72709014	7359456.32890498	-0.512237380621537	-1.42626038323973	0.162908404542579	0.307405604391348	9657853.43037399	6771451.79370145	"down"	"no"	"Q7ZVA5"
"A0A8M1N7Z8"	10203530.6849343	10471284.6070812	19062810.4189349	9671372.69362569	5349810.00173415	7321082.24661955	-0.83073021596597	-1.77858537682482	0.0630775076923177	0.164251331911679	13245875.2369835	7447421.64732646	"down"	"no"	"A0A8M1N7Z8"
"F1R4Z8"	33688475.1837616	29772043.6040741	40455550.785346	20570307.3153188	20644214.4956434	8222949.47650931	-1.07174192147931	-2.10196975830186	0.022655486646482	0.114584480538938	34638689.8577272	16479157.0958238	"down"	"no"	"F1R4Z8"
"Q1LWH1"	32773227.7271425	30990115.0838082	31908293.5429877	15566329.2588957	18980297.1817102	6266159.08074058	-1.22907010458963	-2.34415845749854	0.0110246843887151	0.0811165062247848	31890545.4513128	13604261.8404488	"down"	"low"	"Q1LWH1"
"Q6P3J5"	37699194.6353415	42219395.8726201	42481319.3711744	26359902.9201476	26968853.1008525	13714786.3310604	-0.86843221904698	-1.82567784435355	0.0407540086214666	0.125683833748915	40799969.959712	22347847.4506868	"down"	"no"	"Q6P3J5"
"A0A8M2BLC4"	30404797.424609	21382914.1821027	24232746.3785487	12751094.2011337	13938431.5336677	6343744.5717659	-1.20246792698045	-2.30133006147281	0.00735347262524565	0.0718267379650877	25340152.6617535	11011090.1021891	"down"	"low"	"A0A8M2BLC4"
"Q9PVF8"	15773596.0401236	16487698.2207457	36613441.8371559	41966015.9312788	55229165.0278181	28320889.7718392	0.865825309098903	1.82238187529745	0.0793004582027319	0.18721792429083	22958245.3660084	41838690.2436454	"up"	"no"	"Q9PVF8"
"A0A8M6Z1M4"	12813631.0954858	13306960.0650501	43516493.9990024	19307741.6826554	23167646.2174447	7485337.30321533	-0.479061393296809	-1.39383655613784	0.442447733073401	0.577718628375153	23212361.7198461	16653575.0677718	"down"	"no"	"A0A8M6Z1M4"
"Q7ZUI4"	16035074.567658	18680895.4120651	3904509.53209261	2320541.18051272	4336035.08266089	3263049.60373275	-1.96100842105899	-3.89334033662101	0.00113199393685734	0.0436637261979998	12873493.1706052	3306541.95563546	"down"	"med"	"Q7ZUI4"
"A0A8M6Z292"	17299877.2129257	20311780.5018529	14594604.8986007	18775038.2754835	18339447.7326584	26947670.5234288	0.295249485084175	1.2270971589365	0.457375827359013	0.588672534875712	17402087.5377931	21354052.1771902	"up"	"no"	"A0A8M6Z292"
"Q6PGX4"	14990897.0884348	14859576.6865592	17149112.2474218	11438394.5910997	15008360.5194589	6311350.56491992	-0.520796127420494	-1.43474676124505	0.235117507358792	0.372505448405797	15666528.6741386	10919368.5584928	"down"	"no"	"Q6PGX4"
"Q7ZVL9"	7556442.01227612	7060606.08470486	4905249.35621715	6373170.76122507	9240463.52480561	9378433.90775221	0.356347438143461	1.28018068845113	0.368366058241039	0.499382852151512	6507432.48439938	8330689.39792763	"up"	"no"	"Q7ZVL9"
"Q6PBW7"	29504817.8839177	21827937.9225223	20065519.5314899	14519789.1747793	15388937.981553	5251846.73079009	-1.02193062544147	-2.03063452738693	0.0398607901580463	0.125683833748915	23799425.1126433	11720191.2957074	"down"	"no"	"Q6PBW7"
"E7F8S4"	21704511.1296028	23162042.7753224	21847396.82285	15644009.4953665	14521384.9637897	10350157.5356857	-0.719512692094168	-1.64662573858721	0.0637271840805523	0.164316170717503	22237983.5759251	13505183.9982806	"down"	"no"	"E7F8S4"
"Q6TH32"	23800482.8601554	19946639.8396079	21331604.4823618	12102255.9845469	19802109.8358471	7602241.4039453	-0.720092086444318	-1.64728716927206	0.114003030911909	0.235310963471417	21692909.0607084	13168869.0747798	"down"	"no"	"Q6TH32"
"A0A8M9PNP6"	15506389.4662376	18333266.4897008	27540885.0197337	16777541.2107206	16125510.0938544	23268200.2207564	-0.127949393651804	-1.09273942290553	0.759571664636431	0.832363949164089	20460180.3252241	18723750.5084438	"down"	"no"	"A0A8M9PNP6"
"Q8JGS9"	22254952.6675031	22003308.9008398	26517506.2306861	12627507.8959961	14749175.6236259	2969035.98838064	-1.22176247811543	-2.33231470357341	0.0352165594176768	0.125683833748915	23591922.5996763	10115239.8360009	"down"	"no"	"Q8JGS9"
"A0A8M2B959"	16624006.4116227	18396645.6912819	18388116.0798298	14347701.5099861	15434523.0464472	17473833.551689	-0.176577308791671	-1.13019939285953	0.635027714661664	0.737473778936501	17802922.7275781	15752019.3693741	"down"	"no"	"A0A8M2B959"
"Q6PC53"	24068172.3566411	20398219.7629853	15561388.3692146	7284253.55308627	12902267.5330492	3103066.1675615	-1.36594526415241	-2.57745145222838	0.0128184356053545	0.0864422708771342	20009260.162947	7763195.75123234	"down"	"low"	"Q6PC53"
"Q6Q420"	18169439.5041793	20650949.0896688	16923650.1843418	10835369.6267207	15417384.7996551	4670010.11435702	-0.850148241749387	-1.80268613127268	0.0845001837318912	0.194943406328837	18581346.2593966	10307588.1802443	"down"	"no"	"Q6Q420"
"Q7ZTI4"	33144107.1279514	47944433.7202274	23398223.5016129	25340123.7250936	23211402.4497176	10811523.4463181	-0.815683101324811	-1.76013134461006	0.092397535991086	0.207697025347484	34828921.4499306	19787683.2070431	"down"	"no"	"Q7ZTI4"
"F1R9V3"	20203787.9049906	17014111.7626806	17111717.7529193	11423859.2956265	17335307.851006	6290476.31580035	-0.63233913064228	-1.55007617920058	0.171678641970481	0.31355196415442	18109872.4735302	11683214.4874776	"down"	"no"	"F1R9V3"
"Q6PBI5"	24873964.8045341	23136677.4475018	24649699.4940805	12479531.0913648	13853236.6040472	4923522.04629431	-1.21702163171038	-2.32466304691191	0.010672429257307	0.0811165062247848	24220113.9153721	10418763.2472354	"down"	"low"	"Q6PBI5"
"A0A8M9QH30"	14434366.6011725	15105469.5096633	18669388.25862	15830996.5817414	21766823.417775	18578424.5663568	0.22065097315541	1.16525924863178	0.566575227573242	0.683528829595241	16069741.4564853	18725414.855291	"up"	"no"	"A0A8M9QH30"
"O42248"	20559745.6849032	19950576.3157045	17761287.6987473	13967344.4207469	11262860.2686598	5233500.87919966	-0.935701749012463	-1.91282080139999	0.0425317916488724	0.125683833748915	19423869.899785	10154568.5228688	"down"	"no"	"O42248"
"Q803F6"	23238933.2431692	22996049.6283243	21362519.4839902	12961893.4690652	13620009.4025823	6228588.5228036	-1.0428127569211	-2.06024047439033	0.0173932378702763	0.101395984640249	22532500.7851613	10936830.4648171	"down"	"no"	"Q803F6"
"E7EZ90"	12568661.3028008	18151404.7980443	16416066.8765933	17812710.0886527	16529624.544905	21176957.602369	0.236155779507734	1.17784995774899	0.542615882549494	0.66623871760616	15712044.3258128	18506430.7453089	"up"	"no"	"E7EZ90"
"Q8JGR4"	16162775.8014408	13766172.2706134	11522276.245454	5460112.64472321	9516753.00127189	1621069.81047913	-1.32041092639308	-2.49737230429702	0.0279034316080173	0.120304959228009	13817074.7725027	5532645.15215808	"down"	"no"	"Q8JGR4"
"A0A286Y8V3"	51716580.7725847	54305817.820888	52640473.2193161	23165624.483028	32614904.6651098	5001717.90677663	-1.38424265539848	-2.61034890120865	0.0259905691985242	0.116607410374575	52887623.9375963	20260749.0183048	"down"	"no"	"A0A286Y8V3"
"Q642H9"	19488456.6559594	20415784.0629826	19545490.2371059	10182647.3983104	12971734.9365281	2178127.55166186	-1.23068027079016	-2.34677618690001	0.0422274733929983	0.125683833748915	19816576.9853493	8444169.96216676	"down"	"no"	"Q642H9"
"Q804G9"	48866615.6283602	20275161.7764489	14416075.9727079	20577360.1762496	7325117.56360347	3556261.62628532	-1.4093145893861	-2.65610940111151	0.0466944441398423	0.133485204443245	27852617.7925057	10486246.4553795	"down"	"no"	"Q804G9"
"P79735"	18028908.168375	24655441.6655301	21068177.3441336	22647250.509183	22297004.6011214	16729401.0791777	-0.0478281613694931	-1.03370760089477	0.901824955948057	0.93391557552231	21250842.3926796	20557885.396494	"down"	"no"	"P79735"
"Q9PVK4"	49171121.528376	52463203.0616395	37829944.9003202	32307269.8459434	35929974.3888007	15492941.2885645	-0.73607583421747	-1.66563908366729	0.103451622719417	0.224857659299229	46488089.8301119	27910061.8411029	"down"	"no"	"Q9PVK4"
"Q8JH70"	31282530.7318777	30167978.9619676	25663032.9229525	15029026.677184	16984569.4655774	6582920.54765938	-1.17442637907163	-2.25703120609374	0.0113119312719503	0.0811165062247848	29037847.5389326	12865505.5634736	"down"	"low"	"Q8JH70"
"Q6P6E7"	18805837.8276538	16489445.6140939	22043305.9492925	14286848.4215535	14986084.3824461	2616725.32946394	-0.846417793589854	-1.79803085850179	0.167121356077606	0.307405604391348	19112863.1303467	10629886.0444878	"down"	"no"	"Q6P6E7"
"Q6PFJ6"	24264170.1886869	19129138.2290958	14499826.7421301	9668815.48118427	12950116.9186178	2849058.79332762	-1.18470713353624	-2.27317241948514	0.0377569893923991	0.125683833748915	19297711.7199709	8489330.39770989	"down"	"no"	"Q6PFJ6"
"A0A2R8RU89"	27858363.7422721	8854925.47371185	2709108.53038738	4556528.94676885	4301012.50355967	786405.030424506	-2.03131998773467	-4.08778686454232	0.0203401598673461	0.109256249770346	13140799.2487905	3214648.82691768	"down"	"no"	"A0A2R8RU89"
"Q66I24"	29938912.8841782	24643278.1480341	28368856.1651449	14368147.3099714	13393954.1789272	5229225.3956773	-1.33017340786244	-2.51432891703845	0.00546156705805719	0.0718267379650877	27650349.0657857	10997108.9615253	"down"	"low"	"Q66I24"
"Q7SZD3"	11030607.8175149	12556203.3477923	14068080.4072881	10771602.3394658	13230857.9300692	7019917.0714113	-0.279528048491287	-1.21379774215095	0.494266810891293	0.624962361848125	12551630.5241985	10340792.4469821	"down"	"no"	"Q7SZD3"
"Q7ZVD9"	24462457.1769704	22473710.8785822	21314821.0358819	13169575.0559374	14021103.6733954	5642789.33377232	-1.0556828269097	-2.07870179781977	0.0213019784884999	0.109851379264225	22750329.6971449	10944489.3543684	"down"	"no"	"Q7ZVD9"
"Q6PBY1"	22787748.6260711	24409616.1562594	22218529.695188	13487576.1440806	15473412.8897792	5667076.62982391	-1.00332425503456	-2.00461368970773	0.0320044273680684	0.122559920147899	23138631.4925062	11542688.5545612	"down"	"no"	"Q6PBY1"
"A0A8M3AS61"	10403930.6744147	11523035.5917229	8099735.66133335	8282888.44480313	7854244.23597878	9130157.43914781	-0.248975077697574	-1.18836257410078	0.506936642489354	0.632624280892495	10008900.6424903	8422430.03997657	"down"	"no"	"A0A8M3AS61"
"Q7ZUR9"	24047037.1889149	10256054.6182805	18474801.4135638	11448867.381559	8273124.01263519	4956625.89736639	-1.09667221963051	-2.13860819661108	0.0262691871168227	0.116607410374575	17592631.0735864	8226205.76385351	"down"	"no"	"Q7ZUR9"
"A7E2I4"	184409088.581944	250467847.446097	1035731162.76744	618201427.621427	944609573.800392	905168281.752614	0.746917449594561	1.67820324476376	0.247559852649715	0.385255865366124	490202699.598494	822659761.058144	"up"	"no"	"A7E2I4"
"Q0ZBR7"	3552613.23031713	6592207.84614208	5259812.35721601	4901314.7230665	11008287.6365696	4088535.66334542	0.376501324053289	1.2981898017297	0.443723052972551	0.577718628375153	5134877.81122507	6666046.00766052	"up"	"no"	"Q0ZBR7"
"Q804G7"	11924110.8677545	13107053.6554889	14079143.3901933	10284615.7981789	12331513.1984354	7142367.61484941	-0.394247257358871	-1.31425684650919	0.320148066168365	0.461447245676102	13036769.3044789	9919498.87048793	"down"	"no"	"Q804G7"
"Q24JV7"	6734744.05313688	8367914.49914287	8910950.58062565	4333268.47423682	6348102.83182274	2411595.80051283	-0.87506018685093	-1.83408458429954	0.0517535750296068	0.142341918166339	8004536.37763513	4364322.36885746	"down"	"no"	"Q24JV7"
"Q6DRN7"	24710547.921403	18242343.9428384	19184020.5929514	8528399.87845293	9158246.42122297	3862258.57110332	-1.52783602566783	-2.88352994408786	0.000953963102248815	0.0436637261979998	20712304.1523976	7182968.29025974	"down"	"med"	"Q6DRN7"
"Q6PHG3"	16006986.0019305	11040350.2225344	9320425.42541912	7363741.33059874	7657366.71187127	3682477.72433235	-0.959345286880678	-1.94442723995922	0.0335220074050013	0.124173069683315	12122587.216628	6234528.58893412	"down"	"no"	"Q6PHG3"
"Q6PHI8"	20722482.8673647	19242917.0497946	16479242.1938497	18636203.8920655	18191811.8526827	17754627.6462699	-0.0483943846795657	-1.03411338484748	0.896494261817595	0.93391557552231	18814880.7036697	18194214.4636727	"down"	"no"	"Q6PHI8"
"Q9PV90"	32286262.1544371	34572398.6982574	37988909.715155	31941262.4192594	29303458.9405029	24081591.8868406	-0.297230815945175	-1.22878355548807	0.43207328973567	0.568176376002406	34949190.1892831	28442104.4155343	"down"	"no"	"Q9PV90"
"Q7ZUG6"	24186042.4205607	22540842.1347984	21094086.9401341	16785895.8819869	12332549.2473195	4275345.41661645	-1.02215160841976	-2.03094558559402	0.0512049642422206	0.142341918166339	22606990.4984978	11131263.5153076	"down"	"no"	"Q7ZUG6"
"Q6PC80"	12811804.2388187	11797721.2155105	11330307.7897463	4975962.95520938	6894227.65632966	1668341.57283945	-1.40851240636358	-2.65463292139932	0.00801198876291416	0.0718267379650877	11979944.4146918	4512844.0614595	"down"	"low"	"Q6PC80"
"Q6PC14"	19574911.8314053	20956511.4766551	24223853.6959711	11934471.1955974	14078712.9869736	2005695.28273631	-1.20859851428916	-2.31113014652177	0.0602422192183697	0.158437036544312	21585092.3346772	9339626.48843578	"down"	"no"	"Q6PC14"
"Q4KMH7"	21295826.2791566	21533597.5814708	18286405.1067794	13832323.841831	13781110.6600356	7235657.56432451	-0.810425033787053	-1.75372801252112	0.0551890952429681	0.149636412875264	20371942.9891356	11616364.0220637	"down"	"no"	"Q4KMH7"
"Q6IQI6"	28260756.8502362	27366915.7239011	28429675.8742309	16357433.6879749	16116156.3317595	5332431.91727971	-1.15275790980816	-2.22338516833138	0.0203557271435246	0.109256249770346	28019116.1494561	12602007.312338	"down"	"no"	"Q6IQI6"
"Q6P6Y0"	8990461.7676286	9968144.13148574	9533462.44060292	10293808.1974856	10868749.0107655	7924321.39080033	0.0298081163545831	1.02087634538294	0.936195834357134	0.958052546443293	9497356.11323909	9695626.19968381	"up"	"no"	"Q6P6Y0"
"Q5U369"	19821572.7124821	17049893.2146492	19474871.198031	12792980.6031523	12808904.7589244	5180929.91239227	-0.872196666710012	-1.83044782040763	0.0585151275199013	0.156223227577967	18782112.3750541	10260938.424823	"down"	"no"	"Q5U369"
"Q45RH2"	50595430.4148688	56420138.8752128	118551371.854194	328951438.323377	68584240.2234645	50997606.2551088	0.991659404055661	1.9884708394173	0.17425771679132	0.316067444938738	75188980.3814252	149511094.933983	"up"	"no"	"Q45RH2"
"A0A8M2BJ13"	15459620.7325479	19679308.0215994	23606661.3227111	13337938.1628238	20459885.7606926	6573626.90005701	-0.541145124491741	-1.45512704840808	0.270853357736976	0.407343863047696	19581863.3589528	13457150.2745245	"down"	"no"	"A0A8M2BJ13"
"A5PMZ3"	16622384.0666614	14120747.4273266	23654211.1057705	10944204.0646475	11546434.6674682	5882689.64050876	-0.939000782522492	-1.91719990990705	0.0349422400642698	0.125683833748915	18132447.5332528	9457776.12420812	"down"	"no"	"A5PMZ3"
"F1QL34"	4132181.35974639	4888357.32720219	8872970.84835992	4133369.19046696	5768657.19823697	12843996.7574313	0.346178020121012	1.2711884776573	0.515521201648844	0.63953809449833	5964503.17843617	7582007.71537841	"up"	"no"	"F1QL34"
"Q7ZVB2"	15885197.5624689	21503376.4365678	20862709.683204	14380093.2642289	13925715.4997226	8593155.93611935	-0.658709512581654	-1.5786698666407	0.108429334052176	0.231844836225385	19417094.5607469	12299654.9000236	"down"	"no"	"Q7ZVB2"
"Q6AZA1"	6225568.33730985	6369166.68633768	1643024.13561573	3350139.88094905	6749509.87211028	6145947.20249443	0.190326626288595	1.14102203681288	0.733260996280717	0.814187013150832	4745919.71975442	5415198.98518459	"up"	"no"	"Q6AZA1"
"Q4V918"	11262154.59609	5684820.13738142	5429202.57034457	4540489.54867771	4404147.15175047	4419102.87613099	-0.74363983646768	-1.67439489340732	0.0797277852493269	0.18721792429083	7458725.76793865	4454579.85885306	"down"	"no"	"Q4V918"
"F1Q883"	17169049.8716381	16650043.5112345	15322362.1908209	13566402.3068339	12012079.9965838	7999525.28201401	-0.549423982655961	-1.46350123510646	0.167144492121531	0.307405604391348	16380485.1912312	11192669.1951439	"down"	"no"	"F1Q883"
"Q6PBW4"	3747114.17416247	3698831.52339307	3891081.51858432	5249352.64529359	7422628.8772851	6500110.21682019	0.757965363492002	1.69110397054571	0.0370736851932165	0.125683833748915	3779009.07204662	6390697.2464663	"up"	"no"	"Q6PBW4"
"Q6DGJ6"	15709619.1071785	15286492.0836698	10552163.5152926	9467828.57890745	10402534.6149673	8261279.1331697	-0.56259480396807	-1.47692318219894	0.148075990413638	0.284262667728371	13849424.902047	9377214.1090148	"down"	"no"	"Q6DGJ6"
"Q6TLF6"	15985856.8492545	12192740.9208473	15971800.2225914	12404080.8298196	11431301.8347163	2147515.39868956	-0.764864108763721	-1.69920991435443	0.209273885560784	0.353680792197164	14716799.3308977	8660966.02107515	"down"	"no"	"Q6TLF6"
"A0A8M9QEJ1"	2561952.51178619	4898660.95425858	8318225.12422893	11997503.0909078	21997511.5392702	4787341.0873971	1.29740942468879	2.45787137600109	0.0407784568023814	0.125683833748915	5259612.86342457	12927451.9058584	"up"	"no"	"A0A8M9QEJ1"
"B8JLJ3"	18941325.1142407	16044448.6147862	12648870.4559701	14463581.669116	14839373.7788323	5803186.12141128	-0.440287795942374	-1.35687495280234	0.351108592905311	0.488579682190989	15878214.7283323	11702047.1897865	"down"	"no"	"B8JLJ3"
"Q6TEN1"	13110504.7561236	12365083.6987663	19323957.3284541	18335062.0807348	19861709.7968095	11264227.3258432	0.142807278750537	1.10405135450674	0.73679281037984	0.814187013150832	14933181.9277813	16486999.7344625	"up"	"no"	"Q6TEN1"
"Q5PRD0"	24565769.9601758	22604946.1127234	15806654.2919174	17163861.1624744	18014137.0710996	7288780.95412147	-0.568498843689956	-1.48297967421706	0.226822902065709	0.36374648319074	20992456.7882722	14155593.0625652	"down"	"no"	"Q5PRD0"
"A0A8M1P861"	17516436.2050525	14317990.7909831	12899330.2329544	7192973.32546005	9560111.75567098	4634522.73192438	-1.06458882617	-2.09157366359055	0.0125975622270704	0.0864422708771342	14911252.4096634	7129202.6043518	"down"	"low"	"A0A8M1P861"
"A0A2R8Q6S0"	9791263.44246286	10059913.1728567	17046563.7247998	8099133.27512947	11735255.1195935	2148218.48249446	-0.747169989209755	-1.67849702932002	0.214457509791271	0.353680792197164	12299246.7800398	7327535.62573915	"down"	"no"	"A0A2R8Q6S0"
"Q9PVF7"	3649607.63296096	4007879.47600254	11197557.2295687	14049453.6682494	22361718.5601918	9037063.54188754	1.26927376889638	2.41040195686258	0.0266024510360248	0.116607410374575	6285014.77951074	15149411.9234429	"up"	"no"	"Q9PVF7"
"A0A8M9PT53"	8613403.19170511	8507410.89265379	10734018.559922	10028462.6005163	11913197.0584361	6785091.90944785	0.0444672062155721	1.03130224960437	0.911326953260945	0.939917602775014	9284944.21476029	9575583.85613341	"up"	"no"	"A0A8M9PT53"
"B8A4H6"	8580366.81756295	12563591.2715417	11239900.595103	7805653.58148617	9651615.28903112	11054228.3620785	-0.183731070008885	-1.13581754125437	0.636526797789299	0.737473778936501	10794619.5614025	9503832.41086525	"down"	"no"	"B8A4H6"
"Q6PE25"	13948049.794593	10945459.8479269	11389301.640766	9034739.84139979	9166779.16344748	4119799.71407638	-0.700864012650146	-1.62547794510572	0.111980185093805	0.235310963471417	12094270.427762	7440439.57297455	"down"	"no"	"Q6PE25"
"F1QEY8"	12152998.9941525	10492983.6362464	10774800.942442	5411655.31338797	7509437.61051331	1368045.59464276	-1.22582664206016	-2.33889422581133	0.0354492553539906	0.125683833748915	11140261.190947	4763046.17284801	"down"	"no"	"F1QEY8"
"Q6IMW6"	16628970.5466021	19068727.2909383	19241960.1784477	8589893.16246186	10151505.6175823	2709037.91518828	-1.35684092817631	-2.56123727440005	0.00975287342943549	0.0777274458164101	18313219.3386627	7150145.56507748	"down"	"low"	"Q6IMW6"
"Q6PBW3"	14155171.1729966	12824213.8367793	14136008.8183639	6332258.93202618	9130046.12628293	1647682.69142384	-1.26483993716696	-2.40300545094087	0.0306243437771439	0.122559920147899	13705131.2760466	5703329.24991099	"down"	"no"	"Q6PBW3"
"A0A8M9PDC8"	2941727.31250975	3182974.26591688	7666200.11121885	8759729.43314656	14572378.3341794	7223902.15763054	1.14773941124432	2.21566440053	0.0258399578508495	0.116607410374575	4596967.22988183	10185336.6416522	"up"	"no"	"A0A8M9PDC8"
"Q6TNR5"	14612243.6649223	15062802.6824281	23825806.1681465	13144882.3079747	16841317.7882695	5541828.23778307	-0.590604257567441	-1.50587733190519	0.23839811556511	0.375441343674394	17833617.5051657	11842676.1113424	"down"	"no"	"Q6TNR5"
"A8KB78"	20166075.2589845	15929413.8839343	22487362.1689645	14473918.8047505	8096855.60768188	2466976.20521645	-1.22637347923366	-2.33978092547135	0.0420075094244592	0.125683833748915	19527617.1039611	8345916.87254962	"down"	"no"	"A8KB78"
"F1R166"	11059939.7800427	10681220.7778284	13785124.7538588	11348050.8577459	8659261.82094149	3795303.35952925	-0.577766730651865	-1.49253700747389	0.223866122361715	0.363436976426736	11842095.10391	7934205.34607221	"down"	"no"	"F1R166"
"Q6DGX8"	11376457.7352563	11957477.2286792	9030836.37938189	9741308.70554148	7908329.46294392	8240672.40357479	-0.322012056705795	-1.25007273486492	0.389970959024446	0.520621128037712	10788257.1144391	8630103.52402006	"down"	"no"	"Q6DGX8"
"Q8QFU2"	9732664.82366636	9814114.40469794	8931207.76395419	5240563.64059731	6020203.13405883	7125397.02608615	-0.631226638437086	-1.54888139260289	0.0870079252479497	0.197267968450093	9492662.33077283	6128721.2669141	"down"	"no"	"Q8QFU2"
"Q642M9"	6325721.50058799	5656355.60689961	5934934.89353965	5044418.66359929	5430494.75209307	7460625.06640254	0.0014910331737228	1.00103401622249	0.996798842466932	0.998167714738627	5972337.33367575	5978512.82736497	"up"	"no"	"Q642M9"
"Q5CZQ1"	14758716.1517129	13898568.4378549	18620797.8202178	14046428.803649	13917933.1870357	3787025.70665593	-0.574351890463682	-1.48900838163194	0.281369874860985	0.420456119820676	15759360.8032619	10583795.8991136	"down"	"no"	"Q5CZQ1"
"F1RC64"	9849866.35772378	5480906.24946093	7073835.84807493	5609788.70452727	6671152.43072262	8505461.68384971	-0.108155384157646	-1.07784923876647	0.790964944030448	0.863169212780116	7468202.81841988	6928800.93969986	"down"	"no"	"F1RC64"
"A0A8N7UTJ9"	4605083.74514468	4931182.75689434	6702663.19213229	10890553.7714256	11047592.3338573	12838908.0918159	1.09867920996454	2.14158536628073	0.00412988644957448	0.0718267379650877	5412976.56472377	11592351.399033	"up"	"low"	"A0A8N7UTJ9"
"Q90XG0"	5883696.08631934	5379932.73294436	5403837.38156562	5320911.75528761	4716746.12338467	6487896.06725901	-0.0123361521462844	-1.00858744314184	0.972826899925029	0.98810130818727	5555822.06694311	5508517.9819771	"down"	"no"	"Q90XG0"
"Q66HV5"	10089242.1537469	17238302.7902978	4664637.06832207	9497333.50328389	15117764.675205	3178073.04078589	-0.202988960005451	-1.15108066510165	0.753080266799747	0.828703389825663	10664060.6707889	9264390.40642493	"down"	"no"	"Q66HV5"
"Q6TGV6"	5125705.24216022	5121731.62149683	5024836.77793847	8740337.93293932	8051704.9448355	5646089.38509283	0.5550376907789	1.46920706041799	0.139254577184567	0.27536807368076	5090757.88053184	7479377.42095589	"up"	"no"	"Q6TGV6"
"A0A8M3BDW6"	4201025.32757523	4034883.38850894	7349172.94121272	9219017.40114408	13702689.1443459	5155891.24381291	0.849253799659536	1.80156885967659	0.0796343980676691	0.18721792429083	5195027.21909896	9359199.26310097	"up"	"no"	"A0A8M3BDW6"
"A7E2K4"	9789092.86864288	7607602.90596254	9672776.24861172	4621210.11915868	6027732.40755285	2761971.04741715	-1.01325924954873	-2.01846592132526	0.0171747569391611	0.101395984640249	9023157.34107238	4470304.52470956	"down"	"no"	"A7E2K4"
"O57521"	11646705.3466518	10358742.3322821	8801875.45296613	6104889.54625067	7057631.24463647	2240356.26304202	-1.00007351750427	-2.00010186564732	0.0410163030862874	0.125683833748915	10269107.7106333	5134292.35130972	"down"	"no"	"O57521"
"Q6DGY8"	5208420.77498352	5438606.42093418	4507382.94848744	5744859.26153655	7121971.61794577	4656744.23641186	0.20955940248476	1.15633501725989	0.574235676131665	0.686472649193763	5051470.04813504	5841191.70529806	"up"	"no"	"Q6DGY8"
"Q6NX98"	16761051.5962046	14237229.8666516	18367802.3619051	8855113.81419785	13227262.1671183	5299124.28779716	-0.850318711718144	-1.80289915963615	0.0588064620920865	0.156223227577967	16455361.2749204	9127166.75637109	"down"	"no"	"Q6NX98"
"A0A8M1NSE3"	7576018.42271431	6991254.39409172	5566482.1798311	3521730.14471829	3995731.03442118	2588821.20806985	-0.994363905627838	-1.99220190226613	0.00942333297425203	0.0774480178821339	6711251.66554571	3368760.79573644	"down"	"low"	"A0A8M1NSE3"
"A0A0R4IPL1"	3482567.11174635	3158520.90222362	1742241.30481634	1742250.61250753	1942544.95942193	2856763.74194777	-0.357888696294925	-1.28154907974341	0.396679571569683	0.524254911169983	2794443.1062621	2180519.77129241	"down"	"no"	"A0A0R4IPL1"
"A0A8M9P366"	15519146.5283641	8953420.36578529	12941181.5381153	7240578.64929968	6263367.2823678	2322333.13052458	-1.24124645009873	-2.36402683696155	0.0147450601923132	0.0945841665994723	12471249.4774216	5275426.35406402	"down"	"low"	"A0A8M9P366"
"Q8AW82"	8993699.58320805	9774599.34024048	7417427.99662148	3551415.94219435	6150886.47411792	1619916.67577714	-1.20962393161925	-2.31277338011993	0.0184468532337214	0.103223880861037	8728575.64002334	3774073.03069647	"down"	"no"	"Q8AW82"
"Q6P0I2"	10601671.1524252	8802366.27927948	7546944.56851532	8813578.44878709	9017402.41726512	7962885.73065384	-0.0633098085207283	-1.04486009878262	0.864970195310507	0.91728694099461	8983660.66674001	8597955.53223535	"down"	"no"	"Q6P0I2"
"Q6NZZ2"	4801455.36959419	4668450.4101367	4793045.98090733	6218442.15417752	8250514.47205073	6823149.2177113	0.578046054259899	1.49282604339305	0.109723160846787	0.232719284699233	4754317.25354607	7097368.61464651	"up"	"no"	"Q6NZZ2"
"Q6Q417"	10710298.6621059	10008620.9538651	11548632.8835384	6144504.32493251	4873560.91863101	2013930.44153351	-1.30802617021038	-2.47602541308463	0.00622201429876894	0.0718267379650877	10755850.8331698	4343998.56169901	"down"	"low"	"Q6Q417"
"Q503V9"	5512826.99702505	7160508.11252987	8297530.32124917	12269826.5816679	9552785.56513432	19589148.098424	0.981654149683885	1.97472824294588	0.023753816754798	0.116607410374575	6990288.4769347	13803920.0817421	"up"	"no"	"Q503V9"
"A0A8M9PRN8"	3135024.38702738	2173783.14406271	4019789.85514147	7917766.34434363	10687134.2026085	4246077.62168868	1.2925238176138	2.44956205338731	0.00589680095197162	0.0718267379650877	3109532.46207719	7616992.72288028	"up"	"low"	"A0A8M9PRN8"
"A0A8M9QBS9"	2370908.50320522	4054821.19271632	8942885.29885762	9873490.05277516	13594104.9224651	5379943.19170544	0.908461072063955	1.87704215225285	0.113606476599948	0.235310963471417	5122871.66492639	9615846.05564856	"up"	"no"	"A0A8M9QBS9"
"Q6DI20"	6653359.56498783	7176420.91833909	6642739.66108801	2427703.73222253	3367559.60913539	937488.854971955	-1.60442048218356	-3.04073572699955	0.00132817418092775	0.0436637261979998	6824173.38147164	2244250.73210996	"down"	"med"	"Q6DI20"
"Q7ZUW8"	11653502.3533486	10547427.6180157	8675537.3816969	7398151.24784793	5647778.31239742	4459819.92724978	-0.818678910198873	-1.76379008365892	0.0383482117835989	0.125683833748915	10292155.7843537	5835249.82916504	"down"	"no"	"Q7ZUW8"
"A0A8M3BA62"	5865885.5227537	6231765.32062988	6569964.97880296	2496066.62415342	5037051.38734738	1560486.77877416	-1.03761347509626	-2.0528290213525	0.0312788931929624	0.122559920147899	6222538.60739551	3031201.59675832	"down"	"no"	"A0A8M3BA62"
"Q6NV35"	5314354.40147901	5935107.72391415	4655320.37627386	1958129.7966384	3274419.46606005	1763896.26341686	-1.18476656848849	-2.27326610952661	0.00336337837788981	0.0718267379650877	5301594.16722234	2332148.5087051	"down"	"low"	"Q6NV35"
"Q6AXL2"	3480501.37165797	5335684.49167641	6319782.64011424	7087580.23624461	5333348.33613162	7412441.61295455	0.389948895094268	1.31034695142315	0.33133932171617	0.463522561762514	5045322.83448287	6611123.39511026	"up"	"no"	"Q6AXL2"
"Q6P696"	3596019.55095951	5542048.4187135	4220587.13027183	1235156.2183425	3514438.54354272	413226.882809428	-1.37154309475964	-2.58747173915494	0.0430236762590463	0.12572474284588	4452885.03331495	1720940.54823155	"down"	"no"	"Q6P696"
"A0A0R4IMZ8"	7233591.06852201	5670503.49932186	6695159.79490682	4735891.99400358	5687563.02394797	3396030.95185301	-0.504094840185632	-1.41823324004778	0.190971606103293	0.335367400863306	6533084.78758356	4606495.32326819	"down"	"no"	"A0A0R4IMZ8"
"A9JTC8"	3629863.66041077	3325445.37760249	5824695.57197547	7740364.34229432	9881352.07004164	3708206.92164866	0.738990417318937	1.6690074835586	0.119984815404697	0.244620205049887	4260001.53666291	7109974.44466154	"up"	"no"	"A9JTC8"
"A0A8M3B0U8"	4678997.54097744	5605143.61124381	8350839.30455095	8668731.2247612	5165750.59605301	2224972.44171206	-0.214590471872772	-1.1603744530881	0.685567665629534	0.782700919547598	6211660.1522574	5353151.42084209	"down"	"no"	"A0A8M3B0U8"
"F1Q5Q3"	6927332.21102684	6704591.5184843	8162365.52443119	3222030.55836615	5526392.26216702	1422720.98399256	-1.09946824359111	-2.14275696743613	0.0315341313718479	0.122559920147899	7264763.08464744	3390381.26817524	"down"	"no"	"F1Q5Q3"
"Q5RG12"	11733585.8720742	9675349.24228203	10476662.6091516	6290380.85968982	6845976.44886689	2753676.0106036	-1.00478281123964	-2.00664133819405	0.0257559451442913	0.116607410374575	10628532.5745026	5296677.77305344	"down"	"no"	"Q5RG12"
"Q6PC29"	4714379.78468752	3285897.11728196	5051706.41513559	4867203.48442262	5772296.40139268	1714504.62612282	-0.0792903334032702	-1.0564981827951	0.873243917411484	0.918652601116881	4350661.10570169	4118001.50397937	"down"	"no"	"Q6PC29"
"Q2LEK1"	3776954.8380764	3215824.33875418	3637713.35071224	2663014.87501713	2883585.7716167	746686.590094546	-0.756322839189108	-1.68917961752993	0.142433025844922	0.277480635534921	3543497.50918094	2097762.41224279	"down"	"no"	"Q2LEK1"
"Q9W792"	3889950.13347634	4590642.99551182	3245452.24349115	2627782.69913741	3463488.6133578	1404836.77259271	-0.645502960382627	-1.56428445793172	0.138234079490523	0.27536807368076	3908681.79082644	2498702.69502931	"down"	"no"	"Q9W792"
"Q90Z10"	14899127.1865137	16559517.4705143	12957023.788264	6323983.98771831	7597267.18855392	1781075.4594629	-1.50009038785095	-2.82860428748256	0.00643307422505913	0.0718267379650877	14805222.8150974	5234108.87857838	"down"	"low"	"Q90Z10"
"O57332"	4466317.39692007	6216848.39071299	6250480.64774084	4368378.08479245	4961053.83508455	1585096.64349449	-0.633642894711457	-1.5514775866914	0.191274183001885	0.335367400863306	5644548.8117913	3638176.18779049	"down"	"no"	"O57332"
"A0A8M2BH47"	10518010.3974317	9936971.37184117	10834001.0400437	4901006.52482437	7911591.82232313	2451848.31411767	-1.03547948038042	-2.04979476188384	0.0312205831256462	0.122559920147899	10429660.9364389	5088148.88708839	"down"	"no"	"A0A8M2BH47"
"Q7T2A5"	6416032.32319546	6852270.69224388	5947685.53883183	6214833.02186722	6038676.08114282	4381737.06237896	-0.208064018004689	-1.15513701229451	0.572841786192573	0.686472649193763	6405329.51809039	5545082.05512967	"down"	"no"	"Q7T2A5"
"A2BE49"	3534415.98495458	2742748.24981936	5509775.88607912	3525956.86346743	2069607.55841236	1105159.85582313	-0.814800366639531	-1.7590546383284	0.107910951502517	0.231844836225385	3928980.04028436	2233574.75923431	"down"	"no"	"A2BE49"
"Q7ZV49"	1196103.89793593	2521037.69085999	1957783.64015649	3910612.06873191	2635927.73412292	5321593.99632016	1.06441984491158	2.09132866431895	0.0174581289345766	0.101395984640249	1891641.74298414	3956044.599725	"up"	"no"	"Q7ZV49"
"A0A8M3B8A7"	3002537.75118458	2847010.00099524	2487799.66624606	2679412.44944372	2540757.8474791	2873433.00908037	-0.0428063310418299	-1.03011564851985	0.901956487386566	0.93391557552231	2779115.80614196	2697867.76866773	"down"	"no"	"A0A8M3B8A7"
"Q5XJ36"	14525420.712123	11053136.1624632	7101530.47160018	7658541.87385115	6527192.6780767	5332100.65664087	-0.743618826882582	-1.67437049226848	0.0788216702003549	0.18721792429083	10893362.4487288	6505945.06952291	"down"	"no"	"Q5XJ36"
"B3DG31"	3255663.95190577	2988178.17505505	4764220.66546029	4262424.52695909	4198378.503729	2090046.02383485	-0.0612015308851882	-1.04333430755529	0.886706237106433	0.929098567167298	3669354.26414037	3516949.68484098	"down"	"no"	"B3DG31"
"Q7ZTS4"	6546148.16997678	2467468.78892567	6606104.19588487	5620854.09237871	4961905.2630983	3130331.91203934	-0.1878148966215	-1.13903720540294	0.697158004416295	0.786920837602943	5206573.71826244	4571030.42250545	"down"	"no"	"Q7ZTS4"
"Q9DGL6"	3065960.44022075	3147727.63618683	6494106.02022012	4360821.87306466	4397270.56733332	2403543.17308806	-0.187165148655424	-1.13852436476904	0.684168415815665	0.782700919547598	4235931.36554256	3720545.20449535	"down"	"no"	"Q9DGL6"
"Q7ZVX4"	3023832.74738681	3391092.96316055	4446159.1217331	5836227.54580339	5960678.10744974	2782777.69232472	0.424791148054994	1.34237818511879	0.322986914459259	0.461447245676102	3620361.61076015	4859894.44852595	"up"	"no"	"Q7ZVX4"
"A0A8M3B9F9"	4642593.59803064	3697699.1756192	4191151.45057442	4580307.80959662	4652041.93836031	3911890.68623723	0.068878051534399	1.04890068526861	0.846144096311747	0.900955049918986	4177148.07474142	4381413.47806472	"up"	"no"	"A0A8M3B9F9"
"Q7ZW72"	7084907.621146	4305721.98060868	6149079.56803203	3412123.42625433	2424069.85539598	983664.463323267	-1.36281137319065	-2.57185850873707	0.00732042190746643	0.0718267379650877	5846569.72326224	2273285.91499119	"down"	"low"	"Q7ZW72"
"Q6P2T5"	2270016.34804854	3185606.8822804	3416991.81820809	3406172.46328573	4006717.06221082	4217815.19797093	0.390507305273697	1.31085420249188	0.290138666993351	0.431109996718934	2957538.34951234	3876901.57448916	"up"	"no"	"Q6P2T5"
"A0A0R4IPV5"	1592949.4110537	2063818.15918862	1536732.81334515	1030517.34538969	1792385.20354836	776881.528501301	-0.528796919368025	-1.44272552793827	0.214354915615627	0.353680792197164	1731166.79452916	1199928.02581312	"down"	"no"	"A0A0R4IPV5"
"Q6P5M3"	5404220.11037359	3200210.29571266	3145228.96786754	2391644.53789386	2110766.06643918	1012324.78611741	-1.09125550423173	-2.13059349942701	0.0177346589104617	0.101395984640249	3916553.12465126	1838245.13015015	"down"	"no"	"Q6P5M3"
"Q90275"	1598800.33628738	2071818.36219035	7390928.97510984	6004215.81698994	8659424.72170943	3705249.72026048	0.731711260023344	1.6606076112496	0.243123450939631	0.380603973792399	3687182.55786252	6122963.41965329	"up"	"no"	"Q90275"
"F1QGW6"	4637047.72177008	5006210.94009377	4622417.24134961	4975000.28193571	4270470.78158183	3690245.44829223	-0.141188174668575	-1.10281296673358	0.692265128660643	0.784766072576505	4755225.30107115	4311905.50393659	"down"	"no"	"F1QGW6"
"Q802V5"	2989653.51371156	1402954.91703791	1680908.59661768	1922771.48557079	1611685.89770718	896372.939002315	-0.454955327473363	-1.37074015153022	0.322084808353617	0.461447245676102	2024505.67578905	1476943.44076009	"down"	"no"	"Q802V5"
"Q803T5"	2689093.48660995	2600133.28939375	2053333.38917001	2472935.09662958	2868405.59205526	4178928.28944869	0.374719174865395	1.29658712546733	0.32863774853547	0.462201753287853	2447520.0550579	3173422.99271117	"up"	"no"	"Q803T5"
"A0A0R4IJT8"	2276232.47275708	2687321.30166	3239627.08621997	1629365.56911286	3084484.77268199	1725836.05783004	-0.349192932649701	-1.27384787885243	0.392625968167088	0.521518331454263	2734393.62021235	2146562.1332083	"down"	"no"	"A0A0R4IJT8"
"Q803Q7"	8932540.27162312	13234644.7215499	18953495.5427105	6583804.62546679	6395941.35734007	1977382.63874678	-1.4590309135501	-2.74923627230346	0.00807409385296364	0.0718267379650877	13706893.5119612	4985709.54051788	"down"	"low"	"Q803Q7"
"A1L251"	867736.293879254	1488368.79484412	1752567.24409844	957350.606727296	2572654.90384617	2909183.08216538	0.64820681726372	1.56721881696427	0.197565240537347	0.339605609551126	1369557.44427394	2146396.19757962	"up"	"no"	"A1L251"
"F1QPF7"	6584641.05391977	6008053.78881276	3771553.77226998	2481180.29207238	3816046.05736169	881880.527496421	-1.18867113653712	-2.27942679995304	0.0306651812950244	0.122559920147899	5454749.53833417	2393035.6256435	"down"	"no"	"F1QPF7"
"Q803I7"	3301269.20303325	4080239.08065345	1631976.856765	1216472.74112393	2182949.56872206	711891.667947782	-1.13248555506797	-2.19236117434372	0.0321545037650381	0.122559920147899	3004495.04681723	1370437.99259792	"down"	"no"	"Q803I7"
"A0A286Y8E9"	2179743.33432788	3652646.85677892	2797595.64263753	2595182.70283908	2554286.21325366	1602799.28929637	-0.353986041376932	-1.27808694371124	0.375157781843156	0.503400492983418	2876661.94458144	2250756.06846304	"down"	"no"	"A0A286Y8E9"
"B3DI32"	3089535.99973186	2221135.19852842	3416357.37440752	5055034.24861087	3122719.75492692	4285807.65131212	0.514153962582962	1.42815639379073	0.187613937559427	0.333395037690063	2909009.5242226	4154520.55161664	"up"	"no"	"B3DI32"
"Q6DRI1"	6535396.69743694	4717974.94941939	4992592.16636497	3725819.2586446	4183422.04122219	1161288.73573114	-0.840822644427152	-1.79107105642811	0.0992144938142666	0.217445098942934	5415321.27107377	3023510.01186598	"down"	"no"	"Q6DRI1"
"Q6PFQ2"	3866472.53335377	3023052.27343279	2590066.56282462	1503153.03416683	1945531.47350077	797268.061519954	-1.15873673590205	-2.23261829121776	0.00846626949398372	0.0718267379650877	3159863.78987039	1415317.52306252	"down"	"low"	"Q6PFQ2"
"A0A8M2BF50"	2994804.97453927	3437996.87347471	3572952.9708914	3000295.60763491	3280199.18530643	5122903.28567571	0.188633879395322	1.13968394039307	0.623392049424837	0.728676039994365	3335251.6063018	3801132.69287235	"up"	"no"	"A0A8M2BF50"
"A0A2R8QQ99"	1764908.524725	1894654.80726662	3844536.795011	6577773.93553979	8542605.32300685	3755207.30138649	1.33077052646624	2.51536976325936	0.00630550118417022	0.0718267379650877	2501366.70900087	6291862.18664438	"up"	"low"	"A0A2R8QQ99"
"Q0V973"	1501510.33689214	1643759.55201811	1778243.37315588	1320314.12953732	1625030.72861654	944315.914610444	-0.340043857594206	-1.26579502679024	0.363364710028734	0.499382852151512	1641171.08735538	1296553.59092143	"down"	"no"	"Q0V973"
"A0A8M2B208"	1444579.60557963	2214808.6202902	2373256.38682031	2421254.17827535	3462878.2784806	2996732.46826642	0.55790968969176	1.4721346101411	0.147331690441205	0.284262667728371	2010881.53756338	2960288.30834079	"up"	"no"	"A0A8M2B208"
"Q7ZUQ0"	4530559.85136569	4941385.87425419	6338721.72980431	6069602.63245923	7118406.2631382	3108579.77393809	0.0436717066420756	1.03073375715992	0.919339970228736	0.944478172539678	5270222.4851414	5432196.22317851	"up"	"no"	"Q7ZUQ0"
"Q6PCR7"	3075970.3430034	2838762.67323505	2654812.28552796	1447857.03372929	1881967.59385197	287435.725523598	-1.24432131617533	-2.36907064055005	0.0411525522169182	0.125683833748915	2856515.10058881	1205753.45103495	"down"	"no"	"Q6PCR7"
"Q8JHI7"	2156410.09540949	3441193.81951056	4321613.40654731	4115616.25774778	4414961.59073121	2891223.54035786	0.203492035232235	1.15148211987629	0.622359206940297	0.728676039994365	3306405.77382245	3807267.12961229	"up"	"no"	"Q8JHI7"
"B0S6B9"	1417395.87525691	1663325.74698049	1196959.89084556	791755.334246972	1892787.46285831	973066.054429113	-0.225928265361762	-1.16952951688326	0.604203037858447	0.715790085390863	1425893.83769432	1219202.95051146	"down"	"no"	"B0S6B9"
"A0A8M1NXI0"	1171293.53455335	2064765.16339364	3945194.54947493	2719778.08947992	3447281.07295325	3014591.56953038	0.354518044214433	1.27855827048848	0.461405917969687	0.589076487504989	2393751.08247397	3060550.24398785	"up"	"no"	"A0A8M1NXI0"
"Q6DG81"	2538573.73034506	2170617.54967533	2073634.54385107	1401998.56324656	753640.854765799	803685.632788558	-1.19661849529127	-2.29201784441886	0.0028712292366206	0.0698478716503065	2260941.94129049	986441.683600306	"down"	"low"	"Q6DG81"
"F1QGH7"	1114327.57223268	1229102.64945619	2519398.31771239	2524418.48251974	3584541.26001649	2288538.75071556	0.788164033555545	1.72687530008733	0.0782564047998354	0.18721792429083	1620942.84646709	2799166.16441726	"up"	"no"	"F1QGH7"
"Q5PZ43"	1541367.77793178	2603025.01791074	4744477.52818138	3412930.21547503	4518713.08982993	2729452.45566619	0.262283816291299	1.19937577806231	0.586202246171362	0.697607197932436	2962956.77467463	3553698.58699038	"up"	"no"	"Q5PZ43"
"A0A8M6Z2M1"	965185.262457674	1677175.79874235	567517.30816246	2653530.93683281	2111336.21912696	3770011.65804208	1.41085183565611	2.65894150241492	0.00382199217740014	0.0718267379650877	1069959.45645416	2844959.60466728	"up"	"low"	"A0A8M6Z2M1"
"Q6ZM62"	682220.116408316	907211.586264881	965291.585439278	1182068.77364776	1294124.96868164	1582389.57769074	0.66780941941064	1.58865867740172	0.0665414754678915	0.166670552838623	851574.429370825	1352861.10667338	"up"	"no"	"Q6ZM62"
"Q7ZYX4"	2301603.09509873	2440746.11914813	4408206.60982846	2422611.91647714	2594483.60674965	1502557.69527779	-0.489064122633518	-1.40353413247556	0.255453144198129	0.392889923532794	3050185.27469177	2173217.73950153	"down"	"no"	"Q7ZYX4"
"A8WGC6"	1242761.78284388	1461575.12280389	3271750.25310558	2541018.34922881	2528640.20235486	1773564.63150866	0.195474909571785	1.14510096678708	0.673493383603913	0.776880525823812	1992029.05291778	2281074.39436411	"up"	"no"	"A8WGC6"
"Q7ZWE5"	3170726.28768957	2709739.57452514	1815132.19710447	2026416.53147471	2664613.47335141	3545663.21739117	0.0980318132431303	1.07031229525337	0.809458530536766	0.879700799715576	2565199.35310639	2745564.40740576	"up"	"no"	"Q7ZWE5"
"Q7ZUP5"	2010817.52453011	2346741.88966326	2493788.14568372	1834290.03117035	2734091.73688142	782655.893981358	-0.356569159038322	-1.28037737586656	0.458851215397418	0.588672534875712	2283782.51995903	1783679.22067771	"down"	"no"	"Q7ZUP5"
"A0A8M2BGI7"	2305945.10203158	1948094.61417786	2327264.4459643	988340.59444803	1946186.33458787	484006.561234321	-0.944995986350708	-1.92518346855614	0.0652286507726586	0.166554710225332	2193768.05405792	1139511.16342341	"down"	"no"	"A0A8M2BGI7"
"A0A8M2BAR0"	1671927.87913309	1615035.90938283	1322553.58993294	841494.246689431	1010832.93120433	824582.094720653	-0.784047479939534	-1.72195502686834	0.026380978810147	0.116607410374575	1536505.79281629	892303.090871472	"down"	"no"	"A0A8M2BAR0"
"Q6NYU8"	1197048.26081327	1731902.86745516	3660356.50338317	1281535.88894126	2509875.1198937	417089.980638534	-0.646820384371899	-1.56571369428998	0.326346721276635	0.461447245676102	2196435.8772172	1402833.66315783	"down"	"no"	"Q6NYU8"
"A0A8M2BG11"	452072.266645232	478973.887274952	705692.048753748	969377.477897801	1716799.24722585	682546.61106343	1.04137839313926	2.05819313723087	0.0211339901254848	0.109851379264225	545579.400891311	1122907.77872903	"up"	"no"	"A0A8M2BG11"
"E7FCQ0"	3642456.59759679	5354929.7932957	4687016.3928779	2819677.15829423	3638946.85849191	745641.622131773	-0.925609239889096	-1.8994861474633	0.0988237452576473	0.217445098942934	4561467.59459013	2401421.8796393	"down"	"no"	"E7FCQ0"
"Q561X9"	841584.574307842	1016062.66551125	627624.053175546	509819.390205445	668303.658474614	633935.319530866	-0.455773842825236	-1.37151834432816	0.21946542346875	0.358505629641499	828423.764331546	604019.456070308	"down"	"no"	"Q561X9"
"A0A0G2L4S8"	13331134.2186325	12519189.9604607	14106682.0201108	12565643.3461511	9553227.56921798	9444512.19611908	-0.340196652493659	-1.26592913244021	0.365847630082359	0.499382852151512	13319002.0664013	10521127.7038294	"down"	"no"	"A0A0G2L4S8"
