"accessions"	"DIACortex1_tmm_CN"	"DIACortex2_tmm_CN"	"DIACortex3_tmm_CN"	"DIANucleus1_tmm_CN"	"DIANucleus2_tmm_CN"	"DIANucleus3_tmm_CN"	"logFC_CN"	"FC_CN"	"PValue_CN"	"FDR_CN"	"ave_cortex_CN"	"ave_nucleus_CN"	"direction_CN"	"candidate_CN"	"Acc_CN"
"Q5XTM9"	7300864348.84168	6702796013.00387	6301535277.47866	7541836103.2315	8440311374.86767	21754408599.4154	0.894113837661335	1.85846798759386	0.0688163011079298	0.148349895011357	6768398546.4414	12578852025.8382	"up"	"no"	"Q5XTM9"
"Q0D276"	2759941994.97887	2648071976.35664	3180578485.60695	10450133876.6058	9701915531.41565	35195992684.411	2.68803866373448	6.44436703335396	3.41481726006798e-06	0.000299365646465959	2862864152.31415	18449347364.1442	"up"	"high"	"Q0D276"
"E9QE97"	8110496741.98219	7672097890.28308	7358494802.81969	7661858925.3264	7904637089.42277	7767747117.72095	0.0119918877513287	1.00834678496563	0.973985457064197	0.981448947156643	7713696478.36165	7778081044.15671	"up"	"no"	"E9QE97"
"A7E2K5"	2323306223.00592	2372437999.55956	2223524608.00157	2406940740.46311	2040432418.24107	4459482905.47274	0.364296685592471	1.28725394001594	0.401611536807203	0.529121642960627	2306422943.52235	2968952021.39231	"up"	"no"	"A7E2K5"
"Q5XTN5"	1263587224.79084	1775404795.336	1014757548.36641	2597507409.43142	3230672641.72019	8802057592.34199	1.85162433325854	3.60906301593059	0.000797178115308057	0.0106785604680972	1351249856.16442	4876745881.16454	"up"	"med"	"Q5XTN5"
"Q5XTN4"	3987688831.92544	3702057319.2832	3985492631.35946	3185164988.53567	3272070626.44436	6279642451.98518	0.125559645774645	1.09093084125887	0.768181668191919	0.821267393229572	3891746260.85603	4245626022.32174	"up"	"no"	"Q5XTN4"
"Q52JI4"	7217202979.02228	7997439501.78199	6317498011.90766	5747369706.14803	6130280168.51	7931959794.68886	-0.120291290368468	-1.08695430410375	0.754193188117114	0.816266701542391	7177380164.23731	6603203223.11563	"down"	"no"	"Q52JI4"
"Q45FX9"	2352763009.56071	2825775674.33884	4162797985.32305	3239148221.90169	3104594151.79536	5548948123.4463	0.348374226707871	1.27312513382874	0.427781954759217	0.548812946837434	3113778889.74087	3964230165.71445	"up"	"no"	"Q45FX9"
"Q52JI3"	2557093423.95245	2829540035.26669	2049006640.07744	2313605601.00238	3364393227.69057	3766587419.63463	0.345030653295886	1.27017797018189	0.392669932713416	0.529121642960627	2478546699.76553	3148195416.1092	"up"	"no"	"Q52JI3"
"Q52JI7"	2411135444.805	2304283419.71335	3051491936.17111	3541805438.5379	3165215484.97452	5773940405.77109	0.684316257453897	1.60694021723226	0.102273783455041	0.201800918827009	2588970266.89649	4160320443.0945	"up"	"no"	"Q52JI7"
"Q6DH14"	12457526094.6222	12275035134.997	10794800285.5506	10104578920.3024	11051404574.1736	15589371963.5163	0.0486313584892528	1.03428326480993	0.900454567512785	0.931462973079538	11842453838.3899	12248451819.3308	"up"	"no"	"Q6DH14"
"Q6DGZ8"	1900575214.60527	2018882775.3116	1855303577.61432	1769573370.43605	1901620625.48388	3563214003.2069	0.32511358287085	1.2527630646783	0.447462973162047	0.56851575817207	1924920522.5104	2411469333.04227	"up"	"no"	"Q6DGZ8"
"Q8UUZ6"	8304863412.71897	7066636075.64807	7787309167.21845	7224826671.17489	6759552796.90327	4074040550.90219	-0.358889366474057	-1.28243825491069	0.375218528897302	0.529121642960627	7719602885.19516	6019473339.66011	"down"	"no"	"Q8UUZ6"
"Q5XTP1"	6063342080.98663	6399904310.22493	4460616195.90263	4760651551.09004	5165564545.73967	4716662252.46876	-0.208859704990761	-1.15577430771492	0.585790542401142	0.69086507915471	5641287529.03806	4880959449.76615	"down"	"no"	"Q5XTP1"
"Q4ZHG3"	1310056306.81793	1244982995.23081	1840176867.76404	2389468853.71051	1858937145.87996	7505568002.06277	1.41914258382986	2.67426528014295	0.013294253217305	0.0582731432691868	1465072056.60426	3917991333.88441	"up"	"low"	"Q4ZHG3"
"Q5XTN3"	2100723633.40644	2827505854.89085	2983117357.50814	2234821130.2312	2541411012.40792	7095512376.99544	0.585536721874482	1.50059714875589	0.258594451902831	0.397721291523068	2637115615.26848	3957248173.21152	"up"	"no"	"Q5XTN3"
"Q5XTN0"	3281539921.68899	3562748679.0108	4040274090.41643	3194676866.31568	4371589779.85133	2230427294.71584	-0.15191657055474	-1.11104447651402	0.713949143114234	0.792272677801872	3628187563.70541	3265564646.96095	"down"	"no"	"Q5XTN0"
"Q6DGJ1"	2300212269.39665	2807194832.94278	2308059186.44606	2120168328.01934	2353726256.21816	2366614568.13262	-0.116433701357957	-1.08405180427486	0.757397450691543	0.816375121032277	2471822096.26183	2280169717.4567	"down"	"no"	"Q6DGJ1"
"Q5XTN7"	722511546.521842	908251399.150256	634355421.962525	743305361.18276	970749836.909455	2459898682.46009	0.881828216152368	1.84270894633688	0.0892035297516817	0.183285377536658	755039455.878208	1391317960.1841	"up"	"no"	"Q5XTN7"
"Q9PUR2"	2942853217.45148	2759925103.14419	2925813605.92815	2686741940.77778	2742297391.72547	1494995047.81179	-0.317512261079896	-1.24617982126935	0.440434815992744	0.562302701971319	2876197308.84127	2308011460.10501	"down"	"no"	"Q9PUR2"
"Q5XTN8"	2410292180.5608	2797959757.59394	2143984222.24017	2743361088.36804	1975292726.51748	4821758136.14635	0.375868454205371	1.29762044402549	0.402373872973861	0.529121642960627	2450745386.7983	3180137317.01062	"up"	"no"	"Q5XTN8"
"Q567D9"	721590125.964997	895158157.346881	1311429666.75938	1546513471.31442	1060434476.64799	2986169769.9475	0.933649463346217	1.91010171283265	0.0604109360978284	0.135795523023324	976059316.69042	1864372572.63664	"up"	"no"	"Q567D9"
"B5M4A7"	1034618575.73674	1671529467.95114	1457836600.08467	1233817349.33336	1358016718.13825	2394554742.15616	0.260030631582958	1.19750413034908	0.554549398663851	0.661981373001726	1387994881.25752	1662129603.20926	"up"	"no"	"B5M4A7"
"Q5XTP2"	395483767.84327	185628425.797228	689499228.943312	702985514.81272	622922688.924525	1802744506.93905	1.30001862969672	2.4623206238097	0.032308864444146	0.0986412979348631	423537140.86127	1042884236.8921	"up"	"low"	"Q5XTP2"
"Q5XTN2"	1783665517.32788	1936155895.91841	1883374124.60583	1390996437.48518	2168123600.94178	1098889730.71794	-0.266536174256991	-1.20291622721966	0.522437298100278	0.630279859634739	1867731845.95071	1552669923.0483	"down"	"no"	"Q5XTN2"
"A0A8M9Q8E3"	2400478750.69938	1968147776.68613	1674013384.25561	1918521575.28945	1800743724.50991	829695248.797701	-0.409642049402021	-1.32835619194471	0.363653101017195	0.516977111175796	2014213303.88037	1516320182.86568	"down"	"no"	"A0A8M9Q8E3"
"A8WG86"	797069852.96455	785882084.360648	987634135.281277	1023505342.9231	899662038.3434	1407410933.27559	0.373675385474388	1.29564940463753	0.35092044088745	0.504328283898357	856862024.202158	1110192771.51403	"up"	"no"	"A8WG86"
"Q6DGY7"	452832547.33983	657565180.305727	928570518.998379	1369762850.83203	857006300.850063	2797238915.43054	1.30099947224594	2.46399524631242	0.01459783169976	0.0614551084984749	679656082.214645	1674669355.70421	"up"	"low"	"Q6DGY7"
"Q6IQU2"	1528637924.82784	1518979912.78367	839460794.877575	1056948210.87971	1133241903.50882	1749073246.24309	0.0192395788655291	1.01342517944103	0.964965433248085	0.976099649785563	1295692877.49636	1313087786.87721	"up"	"no"	"Q6IQU2"
"A8WGA7"	429526089.238402	290648028.487559	339662645.739245	445892672.419733	387898900.387051	704085991.970178	0.537098571329764	1.45105134846311	0.213270743118152	0.353076694331228	353278921.155069	512625854.925654	"up"	"no"	"A8WGA7"
"Q6DGY4"	296052921.971094	419463118.674865	540777779.948444	977579853.391301	709428926.562478	2701670092.56694	1.80461278918932	3.49335386402224	0.0016459048314703	0.0180363737781953	418764606.864801	1462892957.50691	"up"	"med"	"Q6DGY4"
"E7F8M1"	338629628.486573	425788145.115163	413834372.240129	742271405.433442	465786984.74477	1104239568.21618	0.972679002889093	1.96248143197079	0.0307560128382962	0.0986412979348631	392750715.280621	770765986.131465	"up"	"low"	"E7F8M1"
"Q66I80"	794487976.300576	951564452.661189	568200946.874482	597010353.647445	935411026.850544	208204627.400531	-0.410940567285788	-1.32955233653568	0.45884602392552	0.574650020440056	771417791.945415	580208669.299507	"down"	"no"	"Q66I80"
"Q4ZJI3"	210663579.321476	373708323.489136	1017690786.22143	1967800255.1282	2284726594.05875	2975494253.57595	2.17367011662686	4.51169679703986	0.000296586455100974	0.00694526533291638	534020896.344012	2409340367.58763	"up"	"high"	"Q4ZJI3"
"Q6DEI6"	157282022.580711	265275315.925298	846425316.131849	1484662101.84777	1871565252.88589	1385102213.19497	1.90161932860342	3.73632338519371	0.00217935908127131	0.0205805762592392	422994218.21262	1580443189.30954	"up"	"med"	"Q6DEI6"
"A0A2R8QDV2"	1075626580.78691	681451972.83494	755748542.29234	744768393.780281	715008027.322127	221965444.936265	-0.579355123027446	-1.49418120976743	0.266623000564336	0.405328607794337	837609031.971397	560580622.012891	"down"	"no"	"A0A2R8QDV2"
"F1RCB6"	112661510.056926	123101220.771421	368734156.320509	279940621.189456	421881526.133713	316306865.278496	0.752113570482072	1.68425848709284	0.163766118850308	0.287136595050873	201498962.382952	339376337.533888	"up"	"no"	"F1RCB6"
"E9QIV8"	272695622.213158	218287616.976144	297505899.278189	295727661.136868	241990976.876252	337552085.40358	0.150638432142454	1.11006059654528	0.706221162575588	0.78701765151432	262829712.822497	291756907.805567	"up"	"no"	"E9QIV8"
"A8KBB6"	23828435.6175008	32521356.0454507	71794992.3526165	335563073.450458	242568316.474532	1369734902.69214	3.92604798636535	15.2005117303915	5.47086540818386e-07	0.000143883760235236	42714928.0051893	649288764.205709	"up"	"high"	"A8KBB6"
"A0JMJ1"	268547194.428699	189690732.297065	177112953.408095	114642408.396781	122133993.730957	95943126.0569649	-0.933247010436827	-1.9095689501614	0.0171307101574477	0.0682632844152841	211783626.711286	110906509.394901	"down"	"low"	"A0JMJ1"
"Q6DG30"	130394415.101611	132062303.837872	85237452.2283984	109375349.101248	125096058.448416	207927666.079411	0.347529476258736	1.27237989680151	0.410337467926279	0.534251257745601	115898057.05596	147466357.876358	"up"	"no"	"Q6DG30"
"Q5XJ63"	115083295.967605	188748635.23418	357960691.310193	399295874.884866	154867190.089654	313584926.397708	0.390896911864314	1.31120831791461	0.472640780696695	0.583589320766342	220597540.837326	289249330.457409	"up"	"no"	"Q5XJ63"
"A0A140LGD4"	120961811.014732	133910129.035682	208410224.200027	148171092.853163	142158476.976738	187782411.85003	0.0454574179699067	1.03201033532876	0.910212867229815	0.931462973079538	154427388.08348	159370660.559977	"up"	"no"	"A0A140LGD4"
"Q9YHX5"	41912590.7670308	62427005.1478781	132534158.315991	226703673.239566	371395680.781793	212869488.201875	1.77552813363663	3.42363317057372	0.000701337982297248	0.0104762482433925	78957918.0769666	270322947.407745	"up"	"med"	"Q9YHX5"
"Q4VBU1"	41166492.9390767	103847188.38011	135001352.588498	161263485.6667	138655632.917899	833387813.971408	2.01696244342101	4.04730744896231	0.00738736803465302	0.0390976985376575	93338344.6358949	377768977.518669	"up"	"med"	"Q4VBU1"
"Q803A1"	87802930.2790567	85383711.0277415	94676417.0972977	105106285.915787	74504744.7752371	177673902.095536	0.415579436640866	1.33383429172814	0.324609619391644	0.47429072166668	89287686.1346986	119094977.59552	"up"	"no"	"Q803A1"
"Q7ZVF9;Q7ZVI7"	87011689.8679838	98055703.9380983	203520572.285141	209988426.163585	292923201.881297	249528136.618366	0.953334871621502	1.93634345456444	0.0376855653812919	0.105639531443434	129529322.030408	250813254.88775	"up"	"no"	"Q7ZVF9;Q7ZVI7"
"A0A286YA92"	42809192.2110614	68057701.3646033	149554534.65111	241485001.672364	261893323.666232	208691976.458589	1.4511715239933	2.73429996389204	0.00438270504983188	0.0281994345770664	86807142.7422583	237356767.265728	"up"	"med"	"A0A286YA92"
"Q6DGY5"	3215752.73031813	7602881.21456492	19662559.7403519	66512801.7143314	89627594.2823041	282406259.134389	3.84673902466938	14.3874501654919	1.16250882037176e-06	0.000152869909878886	10160397.8950783	146182218.377008	"up"	"high"	"Q6DGY5"
"E9QH74"	26328116.1935542	53159970.9071057	61594869.1336379	100422816.113024	117710839.535965	311188185.521553	1.90760146842307	3.75184824091361	0.000591919797589265	0.00972968167287354	47027652.0780993	176440613.723514	"up"	"high"	"E9QH74"
"A0A8N7UVS8"	28549664.2519024	53795400.4160702	102070758.698752	167891315.393232	199543753.492992	153347734.611682	1.49771936662577	2.82395943032659	0.00273885995845388	0.0205805762592392	61471941.1222416	173594267.832635	"up"	"med"	"A0A8N7UVS8"
"Q45FX8"	23154577.3558632	34346881.0136558	65120768.0194128	103521085.02378	120834191.269891	107894325.139219	1.43804697004739	2.70953815810735	0.00136336580512517	0.0155897915977357	40874075.4629773	110749867.144296	"up"	"med"	"Q45FX8"
"Q5BKW4"	18876649.561962	34706116.8402913	23313211.5966736	63797927.4952796	96907526.5367141	143881544.895792	1.98587430574785	3.96102640026291	7.68262066291412e-06	0.000505132308586603	25631992.666309	101528999.642595	"up"	"high"	"Q5BKW4"
"B8A516"	24874361.4326129	21568034.9804904	21484239.327979	24942265.3262796	19609087.8573745	12187556.5756123	-0.259638926058521	-1.19717907921184	0.468177730058333	0.583558023721998	22642211.9136941	18912969.9197555	"down"	"no"	"B8A516"
"Q5MJ86"	98437648.2124027	79434548.300164	80438300.165121	68822839.2656456	62599756.7568888	118744751.050968	-0.0462127869774933	-1.03255080928604	0.906922176474209	0.931462973079538	86103498.8925626	83389115.6911675	"down"	"no"	"Q5MJ86"
"Q7ZUG1"	22069301.8429291	21758423.9143553	6933501.40151217	5258508.72415906	13476992.5078543	12923207.8936942	-0.681124543169771	-1.60338903766539	0.190639077378808	0.327699851964879	16920409.0529322	10552903.0419025	"down"	"no"	"Q7ZUG1"
"Q92005"	58479989.863489	62945039.2564678	70803470.3334893	48782550.0562763	70257597.6603954	36477839.8083357	-0.305740771186192	-1.23605315701848	0.414340792294799	0.535941555108668	64076166.484482	51839329.1750025	"down"	"no"	"Q92005"
"Q4VBH6"	40684365.6953017	59616475.9184503	32002212.2048681	39637043.8042676	40537966.4728161	36194977.8079326	-0.185127325581332	-1.13691731000233	0.604257400950548	0.703184497566345	44101017.93954	38789996.0283388	"down"	"no"	"Q4VBH6"
"Q7ZV29"	31680912.2418856	41646197.3778635	31478451.0741051	21324122.5801005	27039703.3393636	31475293.2185115	-0.392547574737966	-1.31270938138398	0.235413487069411	0.375234830904576	34935186.8979514	26613039.7126585	"down"	"no"	"Q7ZV29"
"F1QTD7"	20720307.1324123	32532244.8545628	26757299.1872234	34763940.2749146	39359340.858319	70298775.502829	0.85204152367525	1.80505343425305	0.0304023713423019	0.0986412979348631	26669950.3913995	48140685.5453542	"up"	"low"	"F1QTD7"
"Q5XJ10"	65073101.7260523	75252750.3263083	82862858.8436335	60542381.6394568	51209217.5994017	69594846.3783712	-0.299515592768087	-1.23073110220799	0.389426740484758	0.529121642960627	74396236.9653314	60448815.2057432	"down"	"no"	"Q5XJ10"
"Q9DDU5"	57460741.8096123	65601395.7166654	39284050.4091376	20741809.005263	28462234.2646	15557732.2875566	-1.32585902758684	-2.50682113851981	0.000525071969909785	0.00920626187241824	54115395.9784718	21587258.5191399	"down"	"high"	"Q9DDU5"
"Q6NWI0"	18833333.37942	14089700.9020348	12973586.6210595	11610595.5203921	9064279.67346136	6314854.76205391	-0.765977318324745	-1.70052167907922	0.0348365487137157	0.10252263992636	15298873.6341714	8996576.65196912	"down"	"no"	"Q6NWI0"
"Q6DGI6"	54190271.0854462	36763337.1418399	22188275.1374587	62189875.3538436	41179765.523832	56245121.8528843	0.496460988726195	1.41074868106974	0.228116314769235	0.370336980150055	37713961.1215816	53204920.9101866	"up"	"no"	"Q6DGI6"
"Q6PBS2"	9461520.87450342	18728431.6739522	28803356.2515649	43451790.9252312	95640937.4549106	59458067.5039025	1.80064369702879	3.48375625252297	0.000249642011063318	0.00656558489096526	18997769.6000069	66183598.6280148	"up"	"high"	"Q6PBS2"
"Q58EE9"	10460968.0197182	15655184.8996486	20882269.4521283	36545963.6569949	60988202.0476384	33687348.6338744	1.48132006263893	2.79204083280239	0.00022580722337331	0.00656558489096526	15666140.7904984	43740504.7795026	"up"	"high"	"Q58EE9"
"A2AR68"	12003893.1975885	17512285.2434317	14404128.5821917	13128693.7523553	17377418.2736787	19257962.5435552	0.180216451795327	1.13305388651516	0.59149904505364	0.691396661551588	14640102.3410706	16588024.8565297	"up"	"no"	"A2AR68"
"Q6PBK9"	13979012.0326755	16933736.7570951	6077072.30385252	4369466.28643884	6363132.49279139	1555778.0627365	-1.58983375740269	-3.01014703319457	0.00465014237202576	0.0281994345770664	12329940.364541	4096125.61398891	"down"	"med"	"Q6PBK9"
"A0A8M9QMF3"	40220813.2092395	29339816.1529813	13750978.1162314	27982327.96846	32789333.4988401	3322272.57310899	-0.378329663754085	-1.29983607225493	0.588580953421112	0.691057101561395	27770535.8261507	21364644.6801363	"down"	"no"	"A0A8M9QMF3"
"A0A8M9PQF2"	19069935.8053559	21490068.5987127	33323642.0415762	42241392.3387056	59722599.2902472	51697059.6966882	1.05642456128089	2.07977081151087	0.0037409000411692	0.0273293530785416	24627882.1485482	51220350.4418803	"up"	"med"	"A0A8M9PQF2"
"Q803M8"	63258946.5347438	62193197.6605409	67813273.3618275	53327627.4034843	57452663.9526182	47058473.1925569	-0.292131931725943	-1.22444836735612	0.37915319264529	0.529121642960627	64421805.8523707	52612921.5162198	"down"	"no"	"Q803M8"
"A0A2R8Q1X2"	48159200.2867627	39300185.2436514	34179569.129743	18471834.5989663	26206395.9926776	11271198.1629728	-1.12040996253871	-2.17408751738363	0.00401898499396715	0.0278156066687726	40546318.2200524	18649809.5848722	"down"	"med"	"A0A2R8Q1X2"
"A0A286Y8V0"	4110309.36792444	6899440.66860795	16446816.9461416	28219546.9922046	38561452.4960815	41305078.8602048	1.97695757518136	3.93662027800842	0.000102258627660852	0.0033617523843505	9152188.99422466	36028692.7828303	"up"	"high"	"A0A286Y8V0"
"Q7ZVA4"	43762612.8890901	36226940.0773827	31649320.2979896	31283257.62619	28967358.4593488	28095628.4021708	-0.337598754155911	-1.26365160071963	0.289630840433599	0.433424647646986	37212957.7548208	29448748.1625699	"down"	"no"	"Q7ZVA4"
"A0A0R4IXS6"	12944148.6936097	9076511.0359836	4478865.49237909	9485130.96891587	9760480.446586	17773592.0458436	0.482307246547993	1.3969761024492	0.291763971964045	0.433524997890078	8833175.07399081	12339734.4871151	"up"	"no"	"A0A0R4IXS6"
"Q66I42"	12664822.2727988	20956986.4984414	37584685.976175	52321466.0967205	59428719.4968794	32876203.4256276	1.02225009512261	2.03108423651871	0.0251264840089546	0.0869508591362507	23735498.2491384	48208796.3397425	"up"	"low"	"Q66I42"
"A0A0R4IGP6"	46010612.2408653	35808592.883552	41441905.7098478	22792127.754154	26488003.9013748	18917946.7763087	-0.853914674759973	-1.80739859052571	0.00866960232102982	0.0430208568005819	41087036.944755	22732692.8106125	"down"	"med"	"A0A0R4IGP6"
"A4VAK4"	29357375.248916	30440275.7203317	21143501.2876166	13774246.0692448	20667242.9746383	6842319.4158081	-0.971297245453596	-1.96060284350689	0.0250356262343134	0.0869508591362507	26980384.0856214	13761269.4865637	"down"	"low"	"A4VAK4"
"F1QXB0"	12195023.2329177	11970190.1480638	24390364.1559084	29601329.9494467	49333472.209619	34934336.8342886	1.22966788487148	2.3451299473648	0.00233156398404658	0.0205805762592392	16185192.5122967	37956379.6644514	"up"	"med"	"F1QXB0"
"X1WDH8"	26533721.1130701	22852647.5219129	60259847.1190431	47076001.344911	54945018.0199791	39011475.7993336	0.363171604201217	1.28625045738567	0.404785768796068	0.529645060663512	36548738.5846754	47010831.7214079	"up"	"no"	"X1WDH8"
"A0A8M9QBT7"	2249114.10108401	5800195.16769476	15957513.8914295	21557693.5408799	26925189.2584621	24715676.7696334	1.608370777202	3.04907313560351	0.00787004517151324	0.0398042669251535	8002274.3867361	24399519.8563251	"up"	"med"	"A0A8M9QBT7"
"Q7ZU99"	17989106.8302629	17803091.139953	14942070.5782322	20173281.8988618	18408680.8230549	48661722.5585066	0.782090112782581	1.71962044149924	0.0674073865061004	0.146513575628962	16911422.8494827	29081228.4268078	"up"	"no"	"Q7ZU99"
"A0A0R4IXC8"	9942242.40547491	9632028.44080081	11632512.5028128	4606865.00101725	10189426.8424393	6581769.45965318	-0.54572857607371	-1.45975740768172	0.150382479851862	0.272762704834757	10402261.1163628	7126020.43436992	"down"	"no"	"A0A0R4IXC8"
"Q29RF4"	15565824.3264943	17248828.8064659	37630789.5889858	44261096.9681219	47990632.663633	36789676.6899165	0.873255800989569	1.83179211224505	0.0350837931306937	0.10252263992636	23481814.2406487	43013802.1072238	"up"	"no"	"Q29RF4"
"Q7ZVA5"	9280507.13418327	7612162.7926784	8074332.42028057	6494792.9619294	6018319.67616891	12278736.7336154	-0.0101568675316869	-1.00706494190096	0.978695369397293	0.982430847906442	8322334.11571408	8263949.79057123	"down"	"no"	"Q7ZVA5"
"A0A8M1N7Z8"	8702765.03516766	9130278.0988026	16440065.099042	9185155.76906914	5264105.28872145	12214712.2686659	-0.362185318422332	-1.28537138157897	0.395902433954052	0.529121642960627	11424369.4110041	8887991.10881884	"down"	"no"	"A0A8M1N7Z8"
"F1R4Z8"	28733474.0268136	25959282.7312754	34889498.1333949	19536159.2293259	20313491.2590895	13719414.4898066	-0.741812816677602	-1.67227587279902	0.0250541183004938	0.0869508591362507	29860751.6304946	17856354.9927407	"down"	"low"	"F1R4Z8"
"Q1LWH1"	27952843.8890759	27021361.7188593	27518210.1441352	14783750.3035957	18676230.1359035	10454646.9528157	-0.909559855314453	-1.87847240544973	0.00743350717649614	0.0390976985376575	27497471.9173568	14638209.1307716	"down"	"med"	"Q1LWH1"
"Q6P3J5"	32154284.9291234	36812563.1137731	36636552.5652814	25034689.7021842	26536808.2591589	22882159.1148613	-0.50424165729011	-1.41837761575756	0.100260654764763	0.199761759114641	35201133.5360593	24817885.6920681	"down"	"no"	"Q6P3J5"
"A0A8M2BLC4"	25932769.3617798	18644508.326457	20898698.5253864	12110047.8881018	13715135.8887657	10584092.9031785	-0.846659546452691	-1.79833224342815	0.00919339648235054	0.0447752458307073	21825325.4045411	12136425.5600153	"down"	"med"	"A0A8M2BLC4"
"Q9PVF8"	13453568.6063584	14376198.8727477	31576003.4367726	39856223.6765096	54344385.9913466	47251418.315284	1.25163788052045	2.38111593877711	0.00268505597954874	0.0205805762592392	19801923.6386262	47150675.9943801	"up"	"med"	"Q9PVF8"
"A0A8M6Z1M4"	10928964.1119994	11602802.3879138	37529303.3137998	18337067.6037565	22796497.2477426	12488760.3106637	-0.163596354305048	-1.12007581976497	0.749836041547122	0.816266701542391	20020356.604571	17874108.3873876	"down"	"no"	"A0A8M6Z1M4"
"Q7ZUI4"	13676588.0941357	16288523.963092	3367309.93367447	2203878.69300055	4266571.18726049	5444169.4117538	-1.48419337582925	-2.79760697123084	0.010619605535265	0.0489992325574509	11110807.3303007	3971539.76400495	"down"	"med"	"Q7ZUI4"
"A0A8M6Z292"	14755359.8034104	17710549.5287885	12586614.9510393	17831145.2358994	18045647.1856802	44960298.3092396	0.843409403741318	1.79428549269757	0.0512784483943244	0.123726898419333	15017508.0944127	26945696.9102731	"up"	"no"	"A0A8M6Z292"
"Q6PGX4"	12785991.3450996	12956582.947523	14789661.9408412	10863342.7121028	14767924.4608522	10530045.7746907	-0.164622665970686	-1.12087291443611	0.611627285239425	0.708261297068744	13510745.4111546	12053770.9825486	"down"	"no"	"Q6PGX4"
"Q7ZVL9"	6445018.03986414	6156388.59207954	4230363.57027096	6052767.07238378	9092429.99198087	15647259.2241111	0.871389906104002	1.82942470806928	0.0390039446211088	0.106854556618246	5610590.06740488	10264152.0961586	"up"	"no"	"Q7ZVL9"
"Q6PBW7"	25165161.4894715	19032540.040145	17304817.0807033	13789823.7953638	15142405.018167	8762337.93512639	-0.706288837148636	-1.63160168467809	0.0470849517453997	0.119556551148428	20500839.5367733	12564855.5828857	"down"	"no"	"Q6PBW7"
"E7F8S4"	18512147.0593521	20195792.5708603	18841535.8553582	14857525.2572414	14288750.3224725	17268511.9460502	-0.310218290528844	-1.23989526944675	0.314073319540957	0.46145968178364	19183158.4951902	15471595.8419213	"down"	"no"	"E7F8S4"
"Q6TH32"	20299837.0320285	17392170.6558445	18396708.4941843	11493829.2522299	19484877.2350674	12683806.603731	-0.361315358174794	-1.28459660728009	0.290048433406348	0.433424647646986	18696238.7273525	14554171.0303428	"down"	"no"	"Q6TH32"
"A0A8M9PNP6"	13225663.5703286	15985414.1866443	23751688.8989211	15934069.9944295	15867177.1410338	38821360.1667271	0.415151556655445	1.33343878655423	0.350733436699077	0.504328283898357	17654255.5519647	23540869.1007301	"up"	"no"	"A0A8M9PNP6"
"Q8JGS9"	18981628.0182339	19185452.1099225	22869111.0657906	11992674.7395765	14512891.7437149	4953628.31501165	-0.956183080652177	-1.94017016599673	0.0248076374215545	0.0869508591362507	20345397.064649	10486398.266101	"down"	"low"	"Q8JGS9"
"A0A8M2B959"	14178898.090353	16040676.7220284	15858198.1752738	13626387.6361822	15187259.8038732	29153865.7639033	0.331173542560242	1.25803634692781	0.382553657698998	0.529121642960627	15359257.6625517	19322504.4013195	"up"	"no"	"A0A8M2B959"
"Q6PC53"	20528153.9609654	17785918.934015	13420384.0986243	6918046.24493383	12695571.3820131	5177248.26884674	-1.0613167181047	-2.08683541797476	0.0104128053369634	0.0489144982203883	17244818.9978682	8263621.96526456	"down"	"med"	"Q6PC53"
"Q6Q420"	15497024.2858229	18006282.4445994	14595219.9402684	10290634.1208902	15170396.1142191	7791584.34737838	-0.532524840352459	-1.44645848979411	0.137616600029563	0.253099061592833	16032842.2235635	11084204.8608292	"down"	"no"	"Q6Q420"
"Q7ZTI4"	28269173.2442068	41804423.199352	20178992.9771512	24066178.7106886	22839552.4989846	18038268.6103122	-0.474772066473827	-1.3896986583961	0.193774634049925	0.32883245226269	30084196.47357	21647999.9399951	"down"	"no"	"Q7ZTI4"
"F1R9V3"	17232154.6714326	14835197.1917878	14757412.3454009	10849538.16157	17057593.7669777	10495218.5540379	-0.286077067245231	-1.21932026608254	0.401953685702708	0.529121642960627	15608254.7362071	12800783.4941952	"down"	"no"	"F1R9V3"
"Q6PBI5"	21215428.0583011	20173675.6572475	21258285.3969939	11852137.2953269	13631305.7939694	8214551.22590478	-0.894591575061296	-1.85908361567627	0.00758168298638986	0.0390976985376575	20882463.0375142	11232664.7717337	"down"	"med"	"Q6PBI5"
"A0A8M9QH30"	12311317.0176433	13170985.4723023	16100771.6903137	15035111.7870511	21418115.8274841	30996798.4020321	0.697822543332021	1.62205482269485	0.0571956556984174	0.131951381128805	13861024.7267531	22483342.0055224	"up"	"no"	"A0A8M9QH30"
"O42248"	17535757.1220621	17395603.0065866	15317611.6004481	13265152.5537172	11082427.6539099	8731729.16842332	-0.603164900988999	-1.51904536935337	0.0654321035806031	0.144610447409232	16749657.2430323	11026436.4586835	"down"	"no"	"O42248"
"Q803F6"	19820881.8033806	20051057.3591401	18423370.0738853	12310249.4699551	13401814.9252644	10391963.111887	-0.691219973078458	-1.61464837198375	0.0272903713000111	0.0920175339987555	19431769.7454687	12034675.8357022	"down"	"low"	"Q803F6"
"E7EZ90"	10720025.2052345	15826842.6376273	14157472.176996	16917196.9705376	16264817.6214125	35332268.5260248	0.751222098718101	1.68321813066001	0.0620918090837953	0.138391066008798	13568113.3399526	22838094.3726583	"up"	"no"	"E7EZ90"
"Q8JGR4"	13785506.6505286	12003205.5189988	9936990.78999667	5185611.88232375	9364293.27195022	2704641.28600198	-1.04998567373037	-2.07050953690283	0.0227043255224011	0.0867479075665443	11908567.6531747	5751515.48009198	"down"	"low"	"Q8JGR4"
"A0A286Y8V3"	44109952.2100349	47351135.7672689	45397965.334132	22000999.8688827	32092409.2786655	8345015.53489862	-1.13218477569462	-2.19190432826392	0.0155963819853127	0.0631053609559577	45619684.4371453	20812808.2274822	"down"	"low"	"A0A286Y8V3"
"Q642H9"	16622036.4706981	17801233.8595093	16856335.70439	9670726.737336	12763925.9078613	3634053.0582467	-0.976066093395368	-1.96709443951499	0.0312090894086444	0.0986412979348631	17093202.0115325	8689568.56781467	"down"	"low"	"Q642H9"
"Q804G9"	41679168.4181828	17678620.3855069	12432648.8201678	19542857.5159413	7207768.14402231	5933373.10712916	-1.13520715151224	-2.19650105042037	0.0502703425500157	0.122417593431983	23930145.8746192	10894666.2556976	"down"	"no"	"Q804G9"
"P79735"	15377162.7169849	21497939.1260994	18169524.8205207	21508686.5388901	21939803.4332738	27911832.393854	0.374520372243061	1.29640850872008	0.246442380196302	0.383516840187145	18348208.8878684	23786774.122006	"up"	"no"	"P79735"
"Q9PVK4"	41938886.6844857	45744495.7214507	32625134.6567809	30683059.727801	35354371.1164326	25848885.9515996	-0.388816820214089	-1.30931918111417	0.241274911892763	0.379971867232316	40102839.0209058	30628772.2652777	"down"	"no"	"Q9PVK4"
"Q8JH70"	26681403.0428623	26304512.5729198	22132199.954794	14273459.9793072	16712474.2600992	10983141.2444896	-0.839834134816013	-1.78984442007544	0.010415254373923	0.0489144982203883	25039371.8568587	13989691.8279653	"down"	"med"	"Q8JH70"
"Q6P6E7"	16039819.2505258	14377722.4859255	19010490.9423276	13568593.8654333	14746005.1907056	4365822.68971101	-0.596902783455823	-1.51246618122533	0.193798593538848	0.32883245226269	16476010.8929263	10893473.9152833	"down"	"no"	"Q6P6E7"
"Q6PFJ6"	20695323.8487588	16679362.5019007	12504876.7902906	9182727.11748543	12742654.213656	4753454.77959604	-0.902752994357962	-1.86963040418675	0.0338136943573192	0.10105683654517	16626521.0469834	8892945.37024584	"down"	"no"	"Q6PFJ6"
"A0A2R8RU89"	23760872.7213614	7720918.22091119	2336377.46067597	4327454.79552546	4232109.67483078	1312061.63920671	-1.77643872776136	-3.4257951048397	0.0186508512400064	0.073211550389876	11272722.8009829	3290542.03652098	"down"	"low"	"A0A2R8RU89"
"Q66I24"	25535408.5056133	21487333.3311501	24465744.1316777	13645805.5475415	13179381.13827	8724595.82402479	-1.00787008876436	-2.01094017800702	0.00261201690448103	0.0205805762592392	23829495.3228137	11849927.5032788	"down"	"med"	"Q66I24"
"Q7SZD3"	9408193.20244291	10948191.4332586	12132532.0155651	10230072.6592486	13018897.7143903	11712239.2958743	0.105807480282966	1.07609650530315	0.740970897864332	0.815378017315143	10829638.8837555	11653736.5565044	"up"	"no"	"Q7SZD3"
"Q7ZVD9"	20864446.19688	19595611.9934683	18382234.188106	12507490.1085095	13796483.6091202	9414598.24967157	-0.720178987424498	-1.64738647536978	0.0261286350001619	0.0892445585070465	19614097.4594848	11906190.6557671	"down"	"low"	"Q7ZVD9"
"Q6PBY1"	19436058.7620891	21283595.2945982	19161606.6344061	12809504.0647346	15225526.6264136	9455119.89975836	-0.675592905134619	-1.59725313841812	0.041248596120523	0.110697763058138	19960420.2303645	12496716.8636355	"down"	"no"	"Q6PBY1"
"A0A8M3AS61"	8873689.59798328	10047336.4484509	6985338.39612054	7866475.93815539	7728418.13225584	15233027.3489694	0.250930926358557	1.18997482212292	0.516705137715405	0.629136348236813	8635454.81418492	10275973.8064602	"up"	"no"	"A0A8M3AS61"
"Q7ZUR9"	20510127.4165878	8942611.56822007	15932956.9594404	10873288.9952988	8140587.39563542	8269782.67969931	-0.73420051941158	-1.66347540946583	0.0590098378162874	0.134952933440727	15128565.3147494	9094553.02354452	"down"	"no"	"Q7ZUR9"
"A7E2I4"	157285651.195983	218391647.9975	893230712.932548	587122075.556682	929476794.803498	1510209794.65654	1.25420999365374	2.38536492487375	0.0662160463158807	0.145123501508972	422969337.375344	1008936221.67224	"up"	"no"	"A7E2I4"
"Q0ZBR7"	3030084.30698684	5747975.83857885	4536144.23377392	4654906.8711073	10831933.3113978	6821435.00723585	0.744612792786968	1.67552446651322	0.0800745710805265	0.168476897553428	4438068.12644654	7436091.72991364	"up"	"no"	"Q0ZBR7"
"Q804G7"	10170277.1657833	11428497.0202809	12142072.9046131	9767568.79543732	12133960.6125788	11916539.4396036	0.0032980792895212	1.00228867273945	0.991679311384176	0.991679311384176	11246949.0302258	11272689.6158732	"up"	"no"	"Q804G7"
"Q24JV7"	5744177.86119694	7296276.37400955	7684942.79806289	4115418.48152483	6246405.32645336	4023578.45729555	-0.526794036951562	-1.44072419047331	0.135345896333126	0.251274749166662	6908465.67775646	4795134.08842458	"down"	"no"	"Q24JV7"
"Q6DRN7"	21076047.0165241	15906135.6482934	16544598.644081	8099644.57228809	9011530.01802807	6443907.54864135	-1.18422245860151	-2.27240902804457	0.000373808304877758	0.00756242955252695	17842260.4362995	7851694.04631917	"down"	"high"	"Q6DRN7"
"Q6PHG3"	13652630.878222	9626466.24767979	8038080.29231916	6993537.86761428	7534694.61393486	6143955.81462847	-0.599263041800863	-1.51494253871573	0.0834443932571493	0.173872249893467	10439059.139407	6890729.4320592	"down"	"no"	"Q6PHG3"
"Q6PHI8"	17674558.4355661	16778570.2222249	14211955.556179	17699290.5883542	17900376.4533863	29622351.017382	0.422471972156216	1.34022203213202	0.223202880306129	0.364610916276472	16221694.73799	21740672.6863742	"up"	"no"	"Q6PHI8"
"Q9PV90"	27537502.6615802	30144879.6878567	32762228.3930616	30335452.8954281	28834013.3830044	40178447.1148401	0.135455107168689	1.09843928319977	0.673220181468997	0.76031176473024	30148203.5808328	33115971.1310909	"up"	"no"	"Q9PV90"
"Q7ZUG6"	20628687.3452073	19654146.0760928	18191869.6603202	15942004.6443919	12134980.0638132	7133113.97877584	-0.73182327764845	-1.66073669947541	0.0500321623385553	0.122417593431983	19491567.6938734	11736699.562327	"down"	"no"	"Q7ZUG6"
"Q6PC80"	10927405.9548459	10286844.4199206	9771434.19894638	4725802.25088829	6783781.15401679	2783510.90612279	-1.11628333761597	-2.16787799054861	0.00471777612696167	0.0281994345770664	10328561.524571	4764364.77034262	"down"	"med"	"Q6PC80"
"Q6PC14"	16695775.5617257	18272712.9423276	20891029.3371992	11334479.6468531	13853170.0133454	3346361.91098068	-0.969120417649745	-1.95764684898612	0.0477410905331821	0.119556551148428	18619839.2804175	9511337.19039307	"down"	"no"	"Q6PC14"
"Q4KMH7"	18163572.7925919	18775894.4354903	15770481.0453497	13136919.9761235	13560335.3177839	12072187.1774668	-0.443155270430188	-1.35957457506259	0.152292651984165	0.274335393642709	17569982.7578106	12923147.490458	"down"	"no"	"Q4KMH7"
"Q6IQI6"	24104080.6538424	23862167.8849925	24518195.9976253	15535082.8849036	15857973.2275308	8896788.66698943	-0.847255093451954	-1.79907480242957	0.0147436183257994	0.0614551084984749	24161481.5121534	13429948.259808	"down"	"low"	"Q6IQI6"
"Q6P6Y0"	7668117.90323282	8691572.37764931	8221806.73774656	9776299.05764494	10694630.1141182	13221174.4729072	0.454837677145687	1.37062863254981	0.15639916867461	0.279816199737568	8193832.3395429	11230701.2148901	"up"	"no"	"Q6P6Y0"
"Q5U369"	16906156.8265705	14866396.287172	16795432.7433833	12149828.5003618	12603704.2927368	8644018.19733917	-0.540263271922432	-1.45423794310642	0.0977080091560861	0.196161880977486	16189328.619042	11132516.9968126	"down"	"no"	"Q5U369"
"Q45RH2"	43153703.9824775	49194686.0039881	102240552.574964	312413790.386858	67485510.9931477	85085929.3493801	1.25675516357335	2.38957684135929	0.047615241568041	0.119556551148428	64862980.8538099	154995076.909795	"up"	"no"	"Q45RH2"
"A0A8M2BJ13"	13185773.721132	17159074.724002	20358753.0058484	12667388.957567	20132115.4965478	10967635.4452696	-0.212240054019262	-1.15848560284141	0.563334036431673	0.667373205322207	16901200.4836608	14589046.6331281	"down"	"no"	"A0A8M2BJ13"
"A5PMZ3"	14177514.3647153	12312371.959335	20399760.6805701	10393997.0350353	11361459.1507349	9814855.0861937	-0.570700892816058	-1.48524500125093	0.0921508800580896	0.186428318886751	15629882.3348735	10523437.0906546	"down"	"no"	"A5PMZ3"
"F1QL34"	3524407.83166069	4262329.17148415	7652188.4844454	3925568.89990736	5676242.49388611	21429307.7835784	1.00714329557623	2.00992738790757	0.105597949848852	0.204207800075354	5146308.49586341	10343706.3924573	"up"	"no"	"F1QL34"
"Q7ZVB2"	13548755.4447704	18749543.5656799	17992326.3042896	13657150.9329528	13702623.5674832	14337078.0034526	-0.270351003629997	-1.20610123534024	0.394754788933402	0.529121642960627	16763541.77158	13898950.8346295	"down"	"no"	"Q7ZVB2"
"Q6AZA1"	5309893.22450753	5553498.47568524	1416969.64693043	3181715.52575665	6641381.7691724	10254081.8649518	0.709203434366529	1.63490133493377	0.220215854121392	0.361979810212038	4093453.7823744	6692393.05329361	"up"	"no"	"Q6AZA1"
"Q4V918"	9605683.39194797	4956792.86196321	4682228.99618692	4312221.75937058	4333592.09136812	7372963.21763057	-0.264697735075509	-1.20138417358331	0.528434237716108	0.634603673604276	6414901.7500327	5339592.35612309	"down"	"no"	"Q4V918"
"F1Q883"	14643774.9367051	14517753.3912058	13214244.1933948	12884367.3345623	11819644.7758079	13346646.8910163	-0.155318248607403	-1.1136672434441	0.614005991375185	0.708261297068744	14125257.5071019	12683553.0004622	"down"	"no"	"F1Q883"
"Q6PBW4"	3195977.4733497	3225140.15389844	3355729.40533811	4985447.59479444	7303717.3126648	10844978.0153385	1.24258231839371	2.36621712968318	0.00119228113675516	0.0142531790439367	3258949.01086209	7711380.97426593	"up"	"med"	"Q6PBW4"
"Q6DGJ6"	13399001.5910493	13328825.3653869	9100350.43703902	8991844.59610643	10235884.5388914	13783364.8337165	-0.118143782461482	-1.08533747555991	0.73379815236833	0.810877790222146	11942725.7978251	11003697.9895714	"down"	"no"	"Q6DGJ6"
"Q6TLF6"	13634609.4641831	10631275.8721794	13774329.6837008	11780480.2072316	11248170.7622505	3582978.82797785	-0.515468414607513	-1.42945829735292	0.261063302022335	0.399184002510896	12680071.6733545	8870543.26581997	"down"	"no"	"Q6TLF6"
"A0A8M9QEJ1"	2185132.91426207	4271313.26311963	7173767.11751674	11394342.6875181	21645108.2926399	7987342.84695664	1.58975834786042	3.00998912779085	0.00248289653281876	0.0205805762592392	4543404.43163281	13675597.9423715	"up"	"med"	"A0A8M9QEJ1"
"B8JLJ3"	16155378.6639118	13989714.0887453	10908583.2128375	13736442.0561565	14601644.9117154	9682209.04051235	-0.110741600268311	-1.07978317571335	0.746152702539718	0.816266701542391	13684558.6551649	12673432.0027948	"down"	"no"	"B8JLJ3"
"Q6TEN1"	11182172.7113987	10781547.5484603	16665282.2678938	17413288.3285637	19543522.3962241	18793573.2831781	0.529297330645123	1.44322608299068	0.111395615161092	0.213847056842096	12876334.1759176	18583461.3359887	"up"	"no"	"Q6TEN1"
"Q5PRD0"	20952563.4285646	19710040.5692382	13631905.2566906	16300968.1634864	17725548.0469381	12160819.8275651	-0.233308937735575	-1.17552805405004	0.494835184041712	0.6081385673036	18098169.7514978	15395778.6793299	"down"	"no"	"Q5PRD0"
"A0A8M1P861"	14940066.6546884	12484355.3244046	11124583.6318641	6831355.02374497	9406957.41297029	7732376.13867633	-0.685422276724306	-1.608172643423	0.0377570948885277	0.105639531443434	12849668.5369857	7990229.52513053	"down"	"no"	"A0A8M1P861"
"A0A2R8Q6S0"	8351135.28525937	8771589.00407268	14701222.4951002	7691958.84422345	11547254.6725067	3584151.87399595	-0.479601090691863	-1.39435820439362	0.303182087068011	0.447960049993746	10607982.2614774	7607788.46357536	"down"	"no"	"A0A2R8Q6S0"
"Q9PVF7"	3112812.48432079	3494609.83780731	9656948.04484365	13343133.855057	22003480.6655655	15077706.7104767	1.63240483337675	3.10029346930616	0.000931765768544047	0.0116692570060516	5421456.78899059	16808107.077033	"up"	"med"	"Q9PVF7"
"A0A8M9PT53"	7346518.22444691	7417908.14263452	9257185.06459881	9524293.39950234	11722345.9563173	11320449.9824636	0.439081853756166	1.35574124287653	0.172265657317241	0.298064920226542	8007203.81056008	10855696.4460944	"up"	"no"	"A0A8M9PT53"
"B8A4H6"	7318340.93850043	10954633.2215335	9693465.62386781	7413233.49813592	9496995.0467819	18443204.7402911	0.338153630565041	1.26413778651794	0.415711320312427	0.535941555108668	9322146.59463391	11784477.7617363	"up"	"no"	"B8A4H6"
"Q6PE25"	11896529.1338215	9543728.02199152	9822311.41641288	8580528.88717308	9019926.0645151	6873596.88319456	-0.353183288671279	-1.27737608725938	0.275612108958878	0.416586118713707	10420856.190742	8158017.27829425	"down"	"no"	"Q6PE25"
"F1QEY8"	10365499.7455834	9149198.23880314	9292356.42751901	5139590.68651553	7389135.35770672	2282488.12758429	-0.959732016173214	-1.94494887979814	0.0298222591410848	0.0980406769263164	9602351.47063518	4937071.39060218	"down"	"low"	"F1QEY8"
"Q6IMW6"	14183132.0855908	16626688.0988752	16594566.6465128	8158046.35353118	9988877.06155515	4519839.76470289	-1.06444203397604	-2.09136110237596	0.00501909013001581	0.0293337934265369	15801462.276993	7555587.72659641	"down"	"med"	"Q6IMW6"
"Q6PBW3"	12073186.4836806	11181879.1219871	12191114.5370096	6013912.0374375	8983781.49580219	2749043.01137941	-0.998076223868045	-1.99733511868833	0.0234889263195003	0.0869508591362507	11815393.3808924	5915578.84820637	"down"	"low"	"Q6PBW3"
"A0A8M9PDC8"	2509049.30742339	2775346.22729099	6611450.57423087	8319344.30480391	14338926.771855	12052574.1058564	1.54492865141034	2.91789628620146	0.000812057830273554	0.0106785604680972	3965282.03631508	11570281.7275051	"up"	"med"	"A0A8M9PDC8"
"Q6TNR5"	12463031.3936529	13133782.7781851	20547746.9393714	12484038.7595037	16571517.4949261	9246151.74186089	-0.268751810373971	-1.20476510122416	0.471038528164476	0.583589320766342	15381520.3704031	12767235.9987636	"down"	"no"	"Q6TNR5"
"A8KB78"	17199988.9136003	13889411.2965751	19393451.9537738	13746259.5044151	7967142.83546442	4115976.77847126	-0.966780347510179	-1.95447408676127	0.0321605002610121	0.0986412979348631	16827617.3879831	8609793.03945026	"down"	"low"	"A8KB78"
"F1R166"	9433210.93265628	9313328.76487113	11888506.6457329	10777540.9040347	8520539.22162954	6332197.47399458	-0.257333832446169	-1.19526783212321	0.457625369786465	0.574650020440056	10211682.1144201	8543425.86655293	"down"	"no"	"F1R166"
"Q6DGX8"	9703174.48534134	10426141.257216	7788334.18121622	9251575.82997088	7781636.90623409	13748983.9506283	0.140918581149933	1.10260701638143	0.690875301927396	0.773192359178319	9305883.3079245	10260732.2289444	"up"	"no"	"Q6DGX8"
"Q8QFU2"	8301155.52565279	8557268.48907922	7702412.90899227	4977100.44700603	5923758.62823237	11888225.2024744	-0.108016926680242	-1.07774567088438	0.787699176418564	0.836891489574821	8186945.64124143	7596361.42590426	"down"	"no"	"Q8QFU2"
"Q642M9"	5395315.56256404	4931973.64550575	5118380.44150363	4790816.42878856	5343497.45796594	12447529.6767198	0.547960673648603	1.46201777428912	0.200585794439883	0.338167076523649	5148556.54985781	7527281.18782478	"up"	"no"	"Q642M9"
"Q5CZQ1"	12587960.2713145	12118646.3528115	16058866.5381893	13340261.0619784	13694965.9285465	6318386.79072379	-0.289504577866028	-1.22222057944539	0.455013021157201	0.574650020440056	13588491.0541051	11117871.2604162	"down"	"no"	"Q5CZQ1"
"F1RC64"	8401118.70939359	4778993.23424006	6100586.3923808	5327763.15368431	6564279.62508022	14190766.2939258	0.435941801763799	1.35279379502402	0.329606063188701	0.478930357008997	6426899.44533815	8694269.69089677	"up"	"no"	"F1RC64"
"A0A8N7UTJ9"	3927754.32727797	4299670.15661271	5780481.30333159	10343043.9474117	10870608.3418749	21420817.7018897	1.60577896477835	3.04360056662192	7.63271249981224e-05	0.00286771912492946	4669301.92907409	14211489.9970587	"up"	"high"	"A0A8N7UTJ9"
"Q90XG0"	5018304.56130026	4690950.90505087	4660353.6616685	5053409.15442125	4641183.18325644	10824599.563428	0.513952901642393	1.42795755391111	0.208425949890585	0.349146654912254	4789869.70933988	6839730.63370188	"up"	"no"	"Q90XG0"
"Q66HV5"	8605286.40116828	15030677.164514	4022855.77946298	9019866.19499806	14875575.946547	5302391.97625848	0.0781218279035137	1.05564282240154	0.883291744129818	0.918204461289099	9219606.44838176	9732611.37260117	"up"	"no"	"Q66HV5"
"Q6TGV6"	4371801.26560623	4465816.3545735	4333497.62841447	8300927.6895372	7922715.49262385	9420104.15385268	0.96122952711706	1.94696856355811	0.00265070953669086	0.0205805762592392	4390371.7495314	8547915.77867124	"up"	"med"	"Q6TGV6"
"A0A8M3BDW6"	3583126.02388288	3518155.49053195	6338041.39696239	8755542.10862724	13483170.125869	8602242.93488688	1.19838706813805	2.29482953663345	0.0022552946159529	0.0205805762592392	4479774.30379241	10280318.3897944	"up"	"med"	"A0A8M3BDW6"
"A7E2K4"	8349283.96589452	6633334.18993545	8341953.13917041	4388884.19779823	5931167.28169993	4608154.98339252	-0.643809648068177	-1.56244967223503	0.053848197187729	0.127215617204189	7774857.09833346	4976068.82096356	"down"	"no"	"A7E2K4"
"O57521"	9933673.27403637	9032148.56595682	7590874.70631774	5797973.3809899	6944566.99372382	3737877.29881025	-0.688322731740824	-1.61140919316472	0.0568765414702355	0.131951381128805	8852232.18210364	5493472.55784132	"down"	"no"	"O57521"
"Q6DGY8"	4442350.75177406	4742110.53909111	3887237.37323858	5456043.19678129	7007876.62515111	7769451.16042148	0.63028997503491	1.5478761790858	0.0602547413767756	0.135795523023324	4357232.88803458	6744456.99411796	"up"	"no"	"Q6DGY8"
"Q6NX98"	14295786.2614621	12413937.0589929	15840679.3080267	8409933.34791562	13015359.5560706	8841217.22320888	-0.491450393484012	-1.40585757821644	0.146851034475331	0.268207097687585	14183467.5428272	10088836.709065	"down"	"no"	"Q6NX98"
"A0A8M1NSE3"	6461715.0936131	6095918.43529554	4800621.07307019	3344679.29016777	3931718.85801305	4319266.62020419	-0.582036455659263	-1.49696071322321	0.0839611244732711	0.173872249893467	5786084.86732628	3865221.58946167	"down"	"no"	"A0A8M1NSE3"
"A0A0R4IPL1"	2970340.77993035	2754024.48699375	1502536.08150927	1654661.00537984	1911425.1143793	4766309.94598671	0.205353769669482	1.15296939366027	0.673584187004357	0.76031176473024	2408967.11614446	2777465.35524862	"up"	"no"	"A0A0R4IPL1"
"A0A8M9P366"	13236544.2858038	7806799.35103861	11160676.8503458	6876567.04573563	6163027.25248739	3874649.95280527	-0.929001952574887	-1.90395858125499	0.0139355796803808	0.0600829091137728	10734673.4957294	5638081.41700943	"down"	"low"	"A0A8M9P366"
"Q8AW82"	7670879.49126399	8522813.92680472	6396905.62157558	3372872.66897597	6052348.40269724	2702717.36162614	-0.89738797988789	-1.86269077501399	0.024602967464844	0.0869508591362507	7530199.67988143	4042646.14443311	"down"	"low"	"Q8AW82"
"Q6P0I2"	9042345.81818837	7675090.02696715	6508602.73372985	8370486.12430956	8872942.35493744	13285516.3692654	0.394434507944539	1.31442754410414	0.257802729503205	0.397721291523068	7742012.85962846	10176314.9495041	"up"	"no"	"Q6P0I2"
"Q6NZZ2"	4095243.02897625	4070584.66410056	4133597.62894924	5905817.26466936	8118340.06308947	11383945.9321741	1.04669764734377	2.06579596970531	0.00388452948474997	0.0276116555267363	4099808.44067535	8469367.75331097	"up"	"med"	"Q6NZZ2"
"Q6Q417"	9134996.07056638	8726865.53018476	9959721.16586349	5835596.57311335	4795485.78329988	3360101.69586577	-0.99168624868315	-1.98850809643111	0.00455765090392824	0.0281994345770664	9273860.92220487	4663728.01742633	"down"	"med"	"Q6Q417"
"Q503V9"	4701984.00103572	6243496.65292433	7155919.59657297	11652975.4340213	9399748.58904239	32683119.7287829	1.56978336588722	2.96860148983581	0.00172385584674345	0.0181349635077411	6033800.08351101	17911947.9172822	"up"	"med"	"Q503V9"
"A0A8M9PRN8"	2673915.6731409	1895397.30572887	3466729.48272896	7519709.92326894	10515924.8008791	7084282.71561853	1.64427469073821	3.12590650930547	1.6685792230006e-05	0.000877672671298315	2678680.82053291	8373305.81325554	"up"	"high"	"A0A8M9PRN8"
"A0A8M9QBS9"	2022188.22684013	3535539.95709203	7712483.79727106	9377111.91492674	13376325.4385831	8976057.89619333	1.25763322740998	2.39103152946214	0.0110556616881243	0.0501317073099429	4423403.99373441	10576498.4165677	"up"	"low"	"A0A8M9QBS9"
"Q6DI20"	5674763.64569266	6257371.58306156	5728802.31530819	2305653.77304831	3313610.82782156	1564134.40428852	-1.29782295435595	-2.45857671714743	0.000717005583197969	0.0104762482433925	5886979.18135414	2394466.33505279	"down"	"med"	"Q6DI20"
"Q7ZUW8"	9939470.55676634	9196669.84453374	7481918.78268906	7026217.86661202	5557300.10489725	7440896.76175572	-0.410645377445263	-1.32928025805272	0.213457012922681	0.353076694331228	8872686.39466305	6674804.91108833	"down"	"no"	"Q7ZUW8"
"A0A8M3BA62"	5003113.62841225	5433693.43483866	5666040.29396741	2370579.80072824	4956357.11158003	2603562.74655772	-0.697377390888821	-1.62155459547714	0.0750749656065156	0.160526145971655	5367615.78573944	3310166.55295533	"down"	"no"	"A0A8M3BA62"
"Q6NV35"	4532703.3453204	5175027.33418609	4014820.91889342	1859687.11660069	3221962.8030139	2942937.2056789	-0.774049747944993	-1.71006325735394	0.032630391332065	0.0986412979348631	4574183.8661333	2674862.37509783	"down"	"low"	"Q6NV35"
"Q6AXL2"	2968578.87503998	4652369.32090731	5450279.14205522	6731260.44853899	5247907.34133053	12367138.9639602	0.897308223429164	1.86258766099544	0.0374551470778959	0.105639531443434	4357075.77933417	8115435.5846099	"up"	"no"	"Q6AXL2"
"Q6P696"	3067106.29685056	4832305.22314947	3639900.1853854	1173060.18742176	3458136.74092217	689440.072541941	-1.11688579680487	-2.16878386995094	0.0481862905769329	0.119556551148428	3846437.23512848	1773545.66696196	"down"	"no"	"Q6P696"
"A0A0R4IMZ8"	6169652.97343447	4944309.68613249	5774010.25650587	4497800.57582526	5596447.45974081	5666039.46452342	-0.0997023597445339	-1.07155233786039	0.761788736155702	0.817756888199794	5629324.30535761	5253429.1666965	"down"	"no"	"A0A0R4IMZ8"
"A9JTC8"	3095972.51399378	2899571.75639708	5023308.33077282	7351226.59890676	9723051.41206204	6186883.17584853	1.07794921991751	2.11103297491798	0.00457567499007929	0.0281994345770664	3672950.86705456	7753720.39560578	"up"	"med"	"A9JTC8"
"A0A8M3B0U8"	3990796.66211797	4887320.12114104	7201894.09543146	8232920.92466919	5082994.54075639	3712210.47185652	0.0826514287553135	1.05896233937553	0.842435663027397	0.883717014408532	5360003.62623016	5676041.97909403	"up"	"no"	"A0A8M3B0U8"
"F1Q5Q3"	5908439.57985349	5845967.08041324	7039351.36712768	3060046.74918583	5437858.67636283	2373710.180088	-0.78968696356327	-1.72869964402074	0.0480635932186689	0.119556551148428	6264586.00913147	3623871.86854556	"down"	"no"	"F1Q5Q3"
"Q5RG12"	10007775.1533006	8436274.30633816	9035237.27771385	5974139.33609477	6736302.93772319	4594315.29623667	-0.667175705756587	-1.58796138149341	0.0443551908729467	0.115499160391931	9159762.24578419	5768252.52335154	"down"	"no"	"Q5RG12"
"Q6PC29"	4020974.78015711	2865088.24949229	4356670.42271921	4622510.53499812	5679823.39649245	2860530.72290736	0.227480854658861	1.17078864407523	0.556265716476736	0.661981373001726	3747577.8174562	4387621.55146598	"up"	"no"	"Q6PC29"
"Q2LEK1"	3221429.08363591	2803989.35101696	3137220.74463693	2529134.92399088	2837390.31964292	1245794.20714574	-0.470606315799037	-1.38569215348626	0.233402957661875	0.374298645518738	3054213.05976327	2204106.48359318	"down"	"no"	"Q2LEK1"
"Q9W792"	3317804.69481499	4002741.6667673	2798928.64620995	2495674.00445133	3408003.03582619	2343871.62766606	-0.295096997548249	-1.22696760155226	0.399895607630133	0.529121642960627	3373158.33593075	2749182.88931453	"down"	"no"	"Q9W792"
"Q90Z10"	12707719.2333786	14438820.5803833	11174339.4540247	6006053.1062541	7475557.89348274	2971599.48942885	-1.21976134137612	-2.32908217475371	0.00268010140040926	0.0205805762592392	12773626.4225955	5484403.49638856	"down"	"med"	"Q90Z10"
"O57332"	3809398.14639539	5420686.84361017	5390512.02267076	4148762.99756828	4881577.05085508	2644622.57984512	-0.32458404744173	-1.25230353862338	0.386964192076164	0.529121642960627	4873532.33755877	3891654.20942283	"down"	"no"	"O57332"
"A0A8M2BH47"	8970990.13593925	8664391.76177057	9343411.51525545	4654614.1671705	7784847.00215455	4090736.95315874	-0.70672165783639	-1.63209135262993	0.0524082817068573	0.12530343717185	8992931.13765509	5510066.04082793	"down"	"no"	"A0A8M2BH47"
"Q7T2A5"	5472343.20069777	5974733.70040507	5129376.79692297	5902389.57725503	5941935.6360909	7310620.97801478	0.20858149185673	1.15555151543915	0.519752724782411	0.629930721740894	5525484.5660086	6384982.0637869	"up"	"no"	"Q7T2A5"
"A2BE49"	3014563.56661102	2391497.81669768	4751716.68067892	3348693.51558672	2036452.1525596	1843881.70970119	-0.49071114963507	-1.40513758394593	0.233016417619335	0.374298645518738	3385926.02132921	2409675.79261584	"down"	"no"	"A2BE49"
"Q7ZV49"	1020177.37808681	2198180.65106825	1688423.15412433	3714010.63133246	2593699.79894354	8878706.35597965	1.62993243955009	3.09498553512141	0.00182102535449963	0.0184203718551309	1635593.7277598	5062138.92875189	"up"	"med"	"Q7ZV49"
"A0A8M3B8A7"	2560915.56586017	2482407.27232075	2145517.24366074	2544708.12958582	2500054.5473465	4794121.44910815	0.452735309492276	1.36863304984243	0.237209792538625	0.375820333961798	2396280.02728055	3279628.04201349	"up"	"no"	"A0A8M3B8A7"
"Q5XJ36"	12388978.6190591	9637614.75444707	6124470.6677653	7273517.65914524	6422626.12803626	8896235.98184629	-0.317353296191847	-1.24604244125996	0.392985870941448	0.529121642960627	9383688.01375716	7530793.2563426	"down"	"no"	"Q5XJ36"
"B3DG31"	2776811.211901	2605496.7246879	4108738.22721177	4048136.13064712	4131119.88619601	3487095.20661374	0.297714520921547	1.22919549880106	0.394756579779641	0.529121642960627	3163682.05460022	3888783.74115229	"up"	"no"	"B3DG31"
"Q7ZTS4"	5583321.22162553	2151472.05795284	5697207.31857701	5338272.24213333	4882414.8388716	5222739.25124097	0.201318665147663	1.14974878234943	0.634804135649852	0.725884729025701	4477333.53271846	5147808.7774153	"up"	"no"	"Q7ZTS4"
"Q9DGL6"	2615009.85710343	2744613.46206147	5600618.34463046	4141586.66552707	4326825.67080609	4010143.21320363	0.187171435967905	1.13852923432855	0.63774087412558	0.726085930281505	3653413.88793179	4159518.51651226	"up"	"no"	"Q9DGL6"
"Q7ZVX4"	2579078.43066603	2956812.17485106	3834436.98990927	5542818.04766637	5865187.20096998	4642869.41115894	0.7764806389158	1.71294701240005	0.0244805183021367	0.0869508591362507	3123442.53180879	5350291.5532651	"up"	"low"	"Q7ZVX4"
"A0A8M3B9F9"	3959747.11940553	3224152.8203985	3614514.39599627	4350038.20390019	4577515.56842924	6526715.25182293	0.517185764857944	1.43116095970835	0.135241142868639	0.251274749166662	3599471.44526677	5151423.00805078	"up"	"no"	"A0A8M3B9F9"
"Q7ZW72"	6042838.32984814	3754309.10095779	5303062.14959904	3240582.92098416	2385235.91340325	1641175.16832341	-1.05513763946589	-2.07791689036376	0.00729271719055604	0.0390976985376575	5033403.19346832	2422331.33423694	"down"	"med"	"Q7ZW72"
"Q6P2T5"	1936135.59002916	2777641.69727661	2946867.05158838	3234931.13570257	3942528.8880834	7037128.84381402	0.891834534274512	1.85553437005691	0.0293541729438135	0.0977233858762399	2553548.11296472	4738196.2892	"up"	"low"	"Q6P2T5"
"A0A0R4IPV5"	1358653.67247616	1799515.00181822	1325302.3523821	978709.293911354	1763670.93903644	1296172.34417308	-0.150777618989171	-1.11016779924475	0.681551317946628	0.766017079572492	1494490.34222549	1346184.19237362	"down"	"no"	"A0A0R4IPV5"
"Q6P5M3"	4609351.3383904	2790374.92255234	2712494.52975592	2271407.41244283	2076951.29546554	1688992.90683048	-0.744111973163565	-1.6749431598471	0.043855262384056	0.115339340070067	3370740.26356622	2012450.53824628	"down"	"no"	"Q6P5M3"
"Q90275"	1363644.02621932	1806490.65771848	6374052.45201987	5702360.90544934	8520699.51270413	6181949.29273394	1.096229245085	2.13795155315131	0.0541754719652819	0.127215617204189	3181395.71198589	6801669.90362914	"up"	"no"	"Q90275"
"F1QGW6"	3955016.94712496	4365089.84517657	3986444.74202183	4724887.97488492	4202057.23555945	6156915.71727075	0.293579051605796	1.22567730575424	0.384308657351586	0.529121642960627	4102183.84477445	5027953.64257171	"up"	"no"	"F1QGW6"
"Q802V5"	2549926.38036671	1223285.30197492	1449641.79712374	1826106.40317194	1585866.46163659	1495535.38213388	-0.0898475525663887	-1.06425770811887	0.816123198631355	0.862009643534322	1740951.15982179	1635836.08231414	"down"	"no"	"Q802V5"
"Q803T5"	2293573.61625036	2267146.86086032	1770826.7483194	2348611.18363389	2822453.32870545	6972248.76425522	0.939531751535864	1.91790613640566	0.0422674076998308	0.112286143687429	2110515.74181003	4047771.09219819	"up"	"no"	"Q803T5"
"A0A0R4IJT8"	1941437.42862191	2343169.12830346	2793904.93970259	1547451.12520827	3035070.89029195	2879436.42198754	0.0761082508732135	1.05417056128855	0.84339532553818	0.883717014408532	2359503.83220932	2487319.47916259	"up"	"no"	"A0A0R4IJT8"
"Q803Q7"	7618715.67318265	11539748.1188588	16345790.2443942	6252811.56602389	6293477.47202467	3299124.25017488	-1.16392642424803	-2.24066443649173	0.00565723188532355	0.0316564252306403	11834751.3454786	5281804.42940781	"down"	"med"	"Q803Q7"
"A1L251"	740107.058164544	1297760.63973247	1511441.33263834	909220.927262862	2531440.60835841	4853767.93874003	1.22460428600509	2.33691386210747	0.0325995123745362	0.0986412979348631	1183103.01017845	2764809.8247871	"up"	"low"	"A1L251"
"F1QPF7"	5616152.45767762	5238631.55121666	3252646.81219657	2356441.86154154	3754912.45970431	1471355.80995309	-0.895669469286361	-1.8604734424762	0.040025481394781	0.108522696977602	4702476.94036361	2527570.04373298	"down"	"no"	"F1QPF7"
"Q803I7"	2815708.707012	3557702.69970273	1407442.30130395	1155316.00011798	2147978.40783076	1187741.31986537	-0.79287998777875	-1.73252990614836	0.0776744467381831	0.164744995904372	2593617.9026729	1497011.90927137	"down"	"no"	"Q803I7"
"A0A286Y8E9"	1859140.19973868	3184870.13298787	2412690.12674403	2464712.93475038	2513366.18678762	2674158.20280086	0.0373442084143185	1.02622297434785	0.915139032254789	0.932874284817866	2485566.81982353	2550745.77477962	"up"	"no"	"A0A286Y8E9"
"B3DI32"	2635117.85318176	1936685.21280469	2946319.89735699	4800898.32770819	3072693.34271258	7150569.48360287	0.998839826452381	1.99839258113732	0.0149548553000091	0.0614551084984749	2506040.98778115	5008053.71800788	"up"	"low"	"B3DI32"
"Q6DRI1"	5574151.10765366	4113766.83642545	4305689.37235401	3538508.06314226	4116403.02833431	1937528.80926155	-0.54479790291889	-1.45881626168503	0.163654827360345	0.287136595050873	4664535.77214438	3197479.96691271	"down"	"no"	"Q6DRI1"
"Q6PFQ2"	3297780.24996689	2635904.66684415	2233713.81070829	1427583.77749945	1914363.78408011	1330185.84471714	-0.805794914759456	-1.74810905795455	0.0227589567379907	0.0867479075665443	2722466.24250644	1557377.8020989	"down"	"low"	"Q6PFQ2"
"A0A8M2BF50"	2554320.14900972	2997709.32941794	3081370.38277026	2849459.26316581	3227649.93034036	8547204.8403261	0.760367984933251	1.69392293522277	0.102818719098172	0.201800918827009	2877799.95373264	4874771.34461076	"up"	"no"	"A0A8M2BF50"
"A0A2R8QQ99"	1505320.5281114	1652015.57790523	3315588.50959683	6247084.06196329	8405751.57729405	6265300.01309697	1.69226478722657	3.23163591337018	5.57064834215395e-05	0.00244180085664415	2157641.53853782	6972711.8841181	"up"	"high"	"A0A2R8QQ99"
"Q0V973"	1280663.72938358	1433251.25814452	1533584.82690383	1253936.88446069	1598997.50646701	1575524.8744835	0.060190910701011	1.04260375724195	0.855597026189738	0.892944515428179	1415833.27147731	1476153.0884704	"up"	"no"	"Q0V973"
"A0A8M2B208"	1232106.53940771	1931168.84868163	2046733.33252522	2299528.4628651	3407402.47860006	4999837.94922467	1.03916528868213	2.05503857379857	0.0114937465635377	0.0512348363764476	1736669.57353819	3568922.96356328	"up"	"low"	"A0A8M2B208"
"Q7ZUQ0"	3864191.62951278	4308566.61033981	5466612.50846756	5764460.47542296	7004368.38783191	5186447.33439253	0.396630860399191	1.31642995332895	0.244787742362401	0.383209382388759	4546456.91610672	5985092.06588246	"up"	"no"	"Q7ZUQ0"
"Q6PCR7"	2623547.47360425	2475216.13972833	2289551.53204818	1375067.71866118	1851818.20677504	479566.348899733	-0.995205626638372	-1.99336578445609	0.0382041422575917	0.105765151723649	2462771.71512692	1235484.09144532	"down"	"no"	"Q6PCR7"
"Q8JHI7"	1839238.88301936	3000496.85811852	3727026.822129	3908708.47506912	4344233.28150657	4823803.70281615	0.610181534393161	1.52645125423029	0.10486493539589	0.204207800075354	2855587.52108896	4358915.15313061	"up"	"no"	"Q8JHI7"
"B0S6B9"	1208921.07301544	1450311.70564884	1032276.88331293	751950.762981455	1862464.73994932	1623492.46639672	0.199141113672902	1.14801486583612	0.631188595816603	0.724902186461863	1230503.22065907	1412635.98977583	"up"	"no"	"B0S6B9"
"A0A8M1NXI0"	999016.196764104	1800340.72779904	3402397.32738094	2583044.43438928	3392055.14251164	5029634.60714597	0.827375992468081	1.77445505529298	0.0917561720068152	0.186428318886751	2067251.41731469	3668244.72801563	"up"	"no"	"A0A8M1NXI0"
"Q6DG81"	2165192.75354975	1892637.11362357	1788334.78082917	1331514.72902273	741567.421662303	1340893.1122862	-0.776038301799505	-1.71242150211554	0.0358535922887292	0.103620821669624	1948721.54933416	1137991.75432374	"down"	"no"	"Q6DG81"
"F1QGH7"	950428.957661565	1071697.44903325	2172768.41364732	2397506.30265168	3527116.40196129	3818266.40024296	1.21571505203183	2.32255861520297	0.0046573045092054	0.0281994345770664	1398298.27344738	3247629.70161864	"up"	"med"	"F1QGH7"
"Q5PZ43"	1314658.81941484	2269668.25976572	4091711.43761509	3241349.14982257	4446322.66691303	4553899.99372844	0.673355011100442	1.594777277847	0.135669256204053	0.251274749166662	2558679.50559855	4080523.93682135	"up"	"no"	"Q5PZ43"
"A0A8M6Z2M1"	823222.942523046	1462388.04862046	489435.780243428	2520127.77968089	2077512.31422661	6290000.04388194	1.97210681219505	3.92340779623975	0.000412355598908182	0.00774639446520371	925015.590462312	3629213.37926314	"up"	"high"	"A0A8M6Z2M1"
"Q6ZM62"	581877.152007071	791029.409271593	832482.522535935	1122641.65177538	1273392.90361625	2640106.03041004	1.19128470390734	2.28356103816874	0.00522831038158158	0.029892296312086	735129.694604866	1678713.52860056	"up"	"med"	"Q6ZM62"
"Q7ZYX4"	1963076.46434916	2128171.63056818	3801706.15155582	2300817.94237046	2552919.61235349	2506912.13356639	-0.100732173531953	-1.0723176052013	0.789160035796789	0.836891489574821	2630984.74882439	2453549.89609678	"down"	"no"	"Q7ZYX4"
"A8WGC6"	1059972.68247016	1274398.30299968	2821608.45996958	2413271.63052175	2488131.02861132	2959068.19975472	0.608369288313761	1.52453494861011	0.161399979918075	0.286812126476039	1718659.81514647	2620156.9529626	"up"	"no"	"A8WGC6"
"Q7ZWE5"	2704366.43203661	2362716.40196032	1565398.32416966	1924540.81589469	2621925.9885717	5915690.40520247	0.657559382140518	1.5774122775738	0.165781125114504	0.288744608643142	2210827.0527222	3487385.73655629	"up"	"no"	"Q7ZWE5"
"Q7ZUP5"	1715060.50061884	2046206.06570519	2150681.80175242	1742073.25016591	2690291.20049156	1305806.46799481	-0.0430422491400079	-1.03028446727847	0.909770654406273	0.931462973079538	1970649.45602548	1912723.63955076	"down"	"no"	"Q7ZUP5"
"A0A8M2BGI7"	1966779.83598438	1698611.60856951	2007069.16522317	938652.929680067	1915008.15419997	807531.001902551	-0.631660513615173	-1.54934799291323	0.125712423475038	0.239582372274891	1890820.20325902	1220397.36192753	"down"	"no"	"A0A8M2BGI7"
"A0A8M2BAR0"	1426015.7525008	1408206.11276729	1140590.84875923	799189.109909104	994639.244653862	1375757.39345877	-0.326593371991477	-1.25404801447891	0.361146965278835	0.516204629719204	1324937.57134244	1056528.58267391	"down"	"no"	"A0A8M2BAR0"
"Q6NYU8"	1020982.84126257	1510106.48772604	3156748.55275004	1217108.17445141	2469666.5654257	695885.3803337	-0.376072960230583	-1.297804923432	0.499774587194187	0.611352169451494	1895945.96057955	1460886.70673693	"down"	"no"	"Q6NYU8"
"A0A8M2BG11"	385580.132702317	417634.030301064	608599.832156133	920643.161584203	1689295.88042662	1138781.15055222	1.4088485264653	2.65525076633023	0.00031689423572242	0.00694526533291638	470604.665053171	1249573.39752101	"up"	"high"	"A0A8M2BG11"
"E7FCQ0"	3106713.2445131	4669149.97031881	4042156.05809373	2677921.19462924	3580650.4150529	1244050.75138807	-0.655520988388482	-1.57518514249728	0.135515249322562	0.251274749166662	3939339.75764188	2500874.12035674	"down"	"no"	"E7FCQ0"
"Q561X9"	717801.811311938	885940.460032458	541272.774851795	484188.818017035	657597.339327515	1057676.61995462	0.0361620467417247	1.02538337957094	0.928933019240262	0.943279475135864	715005.01539873	733154.259099723	"up"	"no"	"Q561X9"
"A0A0G2L4S8"	11370351.3361649	10915918.1704836	12165822.6486767	11933920.357452	9400183.51215811	15757506.2138891	0.106501230480738	1.07661415499163	0.751517497279283	0.816266701542391	11484030.7184417	12363870.0278331	"up"	"no"	"A0A0G2L4S8"
